4
0 0 632.1911456
52.03280151 0 630.0462143
-26.01640076 45.06172794 630.0462143
-26.01640076 -45.06172794 630.0462143
1
0 0 632.1911456
189.50888514 260.292041848 543.836772758 3757
-320.173963214 33.9734878504 543.836772758 4781
131.664031699 -369.705359643 495.38523374 5804
363.861270626 -33.9734878504 515.630466382 6829
-152.508731779 332.099847741 515.630466382 8877
-211.352538847 -298.12635989 515.630466382 10925
154.209504819 -465.212157638 399.025158366 46440
489.817620426 260.544114509 302.687071271 60073
-470.546632184 293.922445256 302.687071271 76457
493.86950113 -293.922445256 262.91921198 109225
7.60955376938 574.664756761 262.91921198 141993
-501.479054899 -280.742311505 262.91921198 174761
59.6035795895 -571.738358092 262.653123313 371370
192.60158429 527.505112732 289.943073327 480937
-553.133620397 -96.9546915615 289.943073327 612009
345.241971711 -423.538453309 317.564417934 873133
575.126896622 96.9546915615 243.419063686 874153
399.794715436 387.529152391 299.013948766 961197
153.003510852 552.134428861 266.761125603 961876
-371.52867422 449.597157094 243.419063686 1136297
-535.507448395 152.467803671 299.013948766 1223341
-554.664197124 -143.562287165 266.761125603 1224020
-203.598222403 -546.551848655 243.419063686 1398441
-15.7991758057 -617.364489179 134.296215674 1485481
558.307372087 -152.467803671 253.910313138 1747629
574.743699492 143.562287165 220.189803574 1748308
-147.112694805 559.742269182 253.910313138 2271917
-411.700437456 425.961500843 220.189803574 2272596
-411.194677281 -407.274465512 253.910313138 2796205
-163.043262036 -569.523788008 220.189803574 2796884
212.516808534 -570.967249872 168.098202442 5941940
284.811286575 546.806607561 138.957061594 7694997
241.338924961 541.998044466 217.755925507 7694998
-615.954056393 -26.7494943217 138.957061594 9792149
-590.05353779 -61.993382295 217.755925507 9792150
160.686638631 -605.310664553 84.8693321728 11883880
236.00553912 -573.513005386 121.689022341 11883881
625.303333142 26.7494943217 87.7736071644 13986453
605.978281794 61.993382295 168.437354958 13986454
551.890300184 304.65896426 -44.9890215347 15379113
-335.817408192 528.153824411 87.7736071644 18180757
-356.676984831 493.795895028 168.437354958 18180758
-539.787552632 325.621537932 -44.9890215347 19573417
-289.48592495 -554.903318733 87.7736071644 22375061
-249.301296963 -555.789277323 168.437354958 22375062
534.251063445 -325.621537932 -89.2771820931 27962025
14.8709921457 625.485761908 -89.2771820931 36350633
-549.122055591 -299.864223977 -89.2771820931 44739241
418.479043105 -471.871863124 -40.4504051094 111761065
445.65686994 -442.071481859 -73.3945447742 223522132
460.732932783 430.776944934 -39.754098688 246065837
-603.430244069 183.617951684 -39.754098688 313174701
598.10868696 -183.617951684 -89.2997558907 447392429
340.481791414 520.89661413 -110.285389345 492133028
-140.036532731 609.786292974 -89.2997558907 581610157
-621.350596289 34.4175738257 -110.285389345 626350756
-458.072154229 -426.16834129 -89.2997558907 715827885
610.161335972 -34.4175738258 -161.066988227 894786212
-275.274174716 545.624004272 -161.066988227 1163221668
-334.887161256 -511.206430446 -161.066988227 1431657124
143.948992447 -576.589645709 -215.051314888 1521134259
315.033806805 -518.293441583 -177.622095984 1788177045
370.457726038 -500.333904559 -108.862560907 1788177046
351.163729758 483.079213037 -206.742614943 1968526697
272.080951481 546.645861407 -163.016128182 1968532117
-593.94073541 62.5771043396 -206.742614943 2505397609
-609.449678593 -37.6939148354 -163.016128182 2505403029
574.903172566 -62.5771043396 -254.940087445 3579139433
593.959480982 37.6939148354 -212.638904569 3579144853
440.922191943 248.530864676 -378.475930483 3937053353
-233.25822423 529.169304328 -254.940087445 4652881257
-329.623628306 495.537041931 -212.638904569 4652886677
-435.695138405 257.584386977 -378.475930483 5010795177
-341.644948336 -466.592199988 -254.940087445 5726623081
-264.335852675 -533.230956767 -212.638904569 5726628501
403.055941714 -257.584386977 -413.061970453 7158278825
403.055941714 257.584386977 -413.061970453 7874106708
21.5466518839 477.848878159 -413.061970453 9305762473
-424.602593598 220.264491182 -413.061970453 10021590356
-424.602593598 -220.264491182 -413.061970453 11453246121
389.153574532 -220.264491182 -446.61734108 14316557652
-3.82214235136 447.149127109 -446.61734108 18611524948
-385.331432181 -226.884635928 -446.61734108 22906492244
352.988692644 376.313499442 -364.98100362 62992853677
-502.391396626 117.540425358 -364.98100362 80172722861
470.636814401 -117.540425358 -405.103983364 114532461229
256.423549471 351.059150333 -458.724793579 125985707353
-133.525412869 466.353649906 -405.103983364 148892199597
-432.237917155 46.539732804 -458.724793579 160345445721
-337.111401532 -348.813224548 -405.103983364 183251937965
393.003541027 -46.539732804 -492.753762046 229064922457
-156.19717962 363.620916709 -492.753762046 297784399193
-236.806361407 -317.081183905 -492.753762046 366503875929
222.432111606 -502.089297617 -312.816708226 389410368185
101.958284301 -299.836761039 -546.924514894 778820736341
192.121925281 109.968477167 -591.962921014 1007885658793
-191.296457483 111.398229333 -591.962921014 1282763565737
-0.825467797833 -221.366706501 -591.962921014 1557641472681
141.910514149 -111.398229333 -605.702765782 1832519379625
25.5184394648 178.597224983 -605.702765782 2382275193513
-167.428953614 -67.1989956502 -605.702765782 2932031007401
25.5184394648 -178.597224983 -605.702765782 3115282945364
-0.300378693838 -134.91826246 -617.430945311 6230565890729
-90.0818254336 -112.436122245 -615.359555984 11728124029610
192.622300882 -20.8216272292 -601.570535384 14660155037014
-39.5820315998 22.8921277298 -630.343726281 20524217051817
-114.343208569 -156.404992284 -601.570535384 23456248059222
-12.44876046 -22.8921277298 -631.462571219 29320310074025
216.336797705 24.7992998698 -593.302102377 29320310074029
-129.645222536 174.953512651 -593.302102377 38116403096237
-13.3640775287 67.8372590052 -628.206580451 41048434103635
-86.691575169 -199.752812521 -593.302102377 46912496118445
