0 0 632.1911456 1
52.0328031384 0 630.046214156 2
-26.0164015692 45.0617293479 630.046214156 3
-26.0164015692 -45.0617293479 630.046214156 4
77.7843952516 -45.0617293479 625.767267423 5
77.7843952516 45.0617293479 625.767267423 6
0.132404727987 89.8941269798 625.767267423 7
-77.9167999795 44.8323976319 625.767267423 8
-77.9167999795 -44.8323976319 625.767267423 9
0.132404727987 -89.8941269798 625.767267423 10
129.156522439 -44.8323976319 617.231150712 12
129.156522439 44.8323976319 617.231150712 13
-25.7522659578 134.269028313 617.231150712 16
-103.404256481 89.4366306808 617.231150712 17
-103.404256481 -89.4366306808 617.231150712 20
-25.7522659578 -134.269028313 617.231150712 21
153.854934471 -89.4366306808 606.626238145 25
153.854934471 89.4366306808 606.626238145 28
0.526926962888 177.96059709 606.626238145 33
-154.381861434 88.5239664092 606.626238145 36
-154.381861434 -88.5239664092 606.626238145 41
0.526926962888 -177.96059709 606.626238145 44
127.055522204 -134.043192056 604.61141365 51
203.786737375 -88.5239664092 591.86156964 52
203.786737375 88.5239664092 591.86156964 57
127.055522204 134.043192056 604.61141365 58
52.5570484229 177.054905948 604.61141365 67
-25.2293649331 220.746474725 591.86156964 68
-178.557372441 132.222508316 591.86156964 73
-179.612570627 43.0117138919 604.61141365 74
-179.612570627 -43.0117138919 604.61141365 83
-178.557372441 -132.222508316 591.86156964 84
-25.2293649331 -220.746474725 591.86156964 89
52.5570484229 -177.054905948 604.61141365 90
150.324302528 -177.510073921 587.842174653 104
226.665011131 -132.222508316 575.157218157 105
228.766011366 -43.0117138919 587.776955219 106
228.766011366 43.0117138919 587.776955219 115
226.665011131 132.222508316 575.157218157 116
150.324302528 177.510073921 587.842174653 117
78.5660821787 218.939701756 587.842174653 136
1.17554558812 262.408911947 575.157218157 137
-77.1337687926 219.623034312 587.776955219 138
-151.632242574 176.61132042 587.776955219 147
-227.84055672 130.186403631 575.157218157 148
-228.890384707 41.4296278355 587.842174653 149
-228.890384707 -41.4296278355 587.842174653 168
-227.84055672 -130.186403631 575.157218157 169
-151.632242574 -176.61132042 587.776955219 170
-77.1337687926 -219.623034312 587.776955219 179
1.17554558812 -262.408911947 575.157218157 180
78.5660821787 -218.939701756 587.842174653 181
274.40612496 -130.186403631 554.45326536 212
276.496432619 -41.4296278355 567.008777059 213
276.496432619 41.4296278355 567.008777059 232
274.40612496 130.186403631 554.45326536 233
-24.4583297085 302.735876985 554.45326536 276
-102.369106135 260.167748622 567.008777059 277
-174.127326484 218.738120786 567.008777059 296
-249.947795252 172.549473354 554.45326536 297
-249.947795252 -172.549473354 554.45326536 340
-174.127326484 -218.738120786 567.008777059 341
-102.369106135 -260.167748622 567.008777059 360
-24.4583297085 -302.735876985 554.45326536 361
294.734307872 -172.549473354 532.000010887 425
294.734307872 172.549473354 532.000010887 468
2.06507339862 341.522134661 532.000010887 553
-296.79938127 168.972661307 532.000010887 596
-296.79938127 -168.972661307 532.000010887 681
2.06507339862 -341.522134661 532.000010887 724
267.217921158 -216.733050279 530.364980088 851
339.578907208 -168.972661307 505.76679417 852
339.578907208 168.972661307 505.76679417 937
267.217921158 216.733050279 530.364980088 938
54.0873668021 339.784033209 530.364980088 1107
-23.4548363674 378.570290885 505.76679417 1108
-316.124070841 209.597629578 505.76679417 1193
-321.30528796 123.05098293 530.364980088 1194
-321.30528796 -123.05098293 530.364980088 1363
-316.124070841 -209.597629578 505.76679417 1364
-23.4548363674 -378.570290885 505.76679417 1449
54.0873668021 -339.784033209 530.364980088 1450
219.513390104 -218.328694927 551.191524891 1703
284.686172352 -257.114952603 502.505053701 1704
356.67889315 -209.597629578 478.032054816 1705
363.867096952 -123.05098293 502.120340089 1706
363.867096952 123.05098293 502.120340089 1875
356.67889315 209.597629578 478.032054816 1876
284.686172352 257.114952603 502.505053701 1877
219.513390104 218.328694927 551.191524891 1878
79.3215011295 299.268519765 551.191524891 2215
80.3249944707 375.102933664 502.505053701 2216
3.17742521276 413.691797251 478.032054816 2217
-75.3682712979 376.643641027 502.120340089 2218
-288.498825654 253.592658097 502.120340089 2387
-359.856318363 204.094167672 478.032054816 2388
-365.011166823 117.987981062 502.505053701 2389
-298.834891234 80.9398248379 551.191524891 2390
-298.834891234 -80.9398248379 551.191524891 2727
-365.011166823 -117.987981062 502.505053701 2728
-359.856318363 -204.094167672 478.032054816 2729
-288.498825654 -253.592658097 502.120340089 2730
-75.3682712979 -376.643641027 502.120340089 2899
3.17742521276 -413.691797251 478.032054816 2900
80.3249944707 -375.102933664 502.505053701 2901
79.3215011295 -299.268519765 551.191524891 2902
189.519891916 -260.298121217 544.052151208 3408
254.360991687 -298.886984804 495.613459057 3409
397.980042235 -204.094167672 446.792011208 3412
405.131663262 -117.987981062 470.757704475 3413
343.187077984 -80.9398248379 524.725660546 3414
343.187077984 80.9398248379 524.725660546 3751
405.131663262 117.987981062 470.757704475 3752
397.980042235 204.094167672 446.792011208 3753
254.360991687 298.886984804 495.613459057 3756
189.519891916 260.298121217 544.052151208 3757
130.664839574 294.27810153 544.052151208 4432
131.663225857 369.726572934 495.613459057 4433
-22.2392871491 446.707910611 446.792011208 4436
-100.38524269 409.848302793 470.757704475 4437
-101.497594505 337.678640204 524.725660546 4438
-241.68948348 256.738815366 524.725660546 4775
-304.746420572 291.860321732 470.757704475 4776
-375.740755086 242.613742939 446.792011208 4777
-386.024217544 70.8395881306 495.613459057 4780
-320.184731489 33.9799803129 544.052151208 4781
-320.184731489 -33.9799803129 544.052151208 5456
-386.024217544 -70.8395881306 495.613459057 5457
-375.740755086 -242.613742939 446.792011208 5460
-304.746420572 -291.860321732 470.757704475 5461
-241.68948348 -256.738815366 524.725660546 5462
-101.497594505 -337.678640204 524.725660546 5799
-100.38524269 -409.848302793 470.757704475 5800
-22.2392871491 -446.707910611 446.792011208 5801
131.663225857 -369.726572934 495.613459057 5804
130.664839574 -294.27810153 544.052151208 5805
269.085881431 -336.439238104 462.673829013 6820
411.239358252 -242.613742939 414.350584091 6825
425.506203711 -70.8395881306 462.160002523 6828
363.876871714 -33.9799803129 515.853300604 6829
363.876871714 33.9799803129 515.853300604 7504
425.506203711 70.8395881306 462.160002523 7505
411.239358252 242.613742939 414.350584091 7508
269.085881431 336.439238104 462.673829013 7513
156.821986313 401.254828171 462.673829013 8868
4.48998556608 477.450602752 414.350584091 8873
-151.404218941 403.918975947 462.160002523 8876
-152.510909686 332.116604911 515.853300604 8877
-211.365962028 298.136624598 515.853300604 9552
-274.10198477 333.079387816 462.160002523 9553
-415.729343818 234.836859813 414.350584091 9556
-425.907867743 64.8155900665 462.673829013 9561
-425.907867743 -64.8155900665 462.673829013 10916
-415.729343818 -234.836859813 414.350584091 10921
-274.10198477 -333.079387816 462.160002523 10924
-211.365962028 -298.136624598 515.853300604 10925
-152.510909686 -332.116604911 515.853300604 11600
-151.404218941 -403.918975947 462.160002523 11601
4.48998556608 -477.450602752 414.350584091 11604
156.821986313 -401.254828171 462.673829013 11609
236.09673355 -374.977917856 450.905242931 13641
314.061012767 -332.028345307 436.793432583 13642
383.130044824 -286.440743243 413.314304058 13651
448.422163979 -234.836859813 378.727945497 13652
462.54342211 -64.8155900665 426.049488349 13657
462.54342211 64.8155900665 426.049488349 15012
448.422163979 234.836859813 378.727945497 15017
383.130044824 286.440743243 413.314304058 15018
314.061012767 332.028345307 436.793432583 15027
236.09673355 374.977917856 450.905242931 15028
130.514475429 437.998988048 436.793432583 17738
56.4999379149 475.020723392 413.314304058 17747
-20.8363956467 505.763415533 378.727945497 17748
-175.139763496 432.982148934 426.049488349 17753
-287.403658614 368.166558867 426.049488349 19108
-427.585768333 270.92655572 378.727945497 19113
-439.629982739 188.57998015 413.314304058 19114
-444.575488196 105.970642741 436.793432583 19123
-442.788769497 16.9768100762 450.905242931 19124
-444.575488196 -105.970642741 436.793432583 21834
-439.629982739 -188.57998015 413.314304058 21843
-427.585768333 -270.92655572 378.727945497 21844
-287.403658614 -368.166558867 426.049488349 21849
-175.139763496 -432.982148934 426.049488349 23204
-20.8363956467 -505.763415533 378.727945497 23209
56.4999379149 -475.020723392 413.314304058 23210
130.514475429 -437.998988048 436.793432583 23219
248.250607984 -408.909570715 413.316154037 27284
325.818105227 -366.178580526 399.276162631 27285
392.346593264 -322.267812585 376.660659348 27304
457.306422604 -270.92655572 342.250320418 27305
472.156420015 -188.57998015 375.728027569 27306
479.01760732 -105.970642741 398.72045261 27315
478.398430185 -16.9768100762 412.931440425 27316
479.01760732 105.970642741 398.72045261 30026
472.156420015 188.57998015 375.728027569 30035
457.306422604 270.92655572 342.250320418 30036
392.346593264 322.267812585 376.660659348 30037
325.818105227 366.178580526 399.276162631 30056
248.250607984 408.909570715 413.316154037 30057
154.210900444 465.256046403 399.276162631 35477
82.9188158889 500.916023148 376.660659348 35496
5.97606851115 531.502257149 342.250320418 35497
-72.7631565528 503.189444368 375.728027569 35498
-147.735534991 467.826738169 398.72045261 35507
-224.496866291 422.793598709 412.931440425 35508
-331.282072329 361.856095429 398.72045261 38218
-399.393263462 314.609464218 375.728027569 38227
-463.282491115 260.575701429 342.250320418 38228
-475.265409153 178.648210562 376.660659348 38229
-480.029005671 99.0774658765 399.276162631 38248
-478.251380082 10.536547662 413.316154037 38249
-480.029005671 -99.0774658765 399.276162631 43669
-475.265409153 -178.648210562 376.660659348 43688
-463.282491115 -260.575701429 342.250320418 43689
-399.393263462 -314.609464218 375.728027569 43690
-331.282072329 -361.856095429 398.72045261 43699
-253.901563894 -405.816788632 412.931440425 43700
-147.735534991 -467.826738169 398.72045261 46410
-72.7631565528 -503.189444368 375.728027569 46419
5.97606851115 -531.502257149 342.250320418 46420
82.9188158889 -500.916023148 376.660659348 46421
154.210900444 -465.256046403 399.276162631 46440
212.796481315 -443.458828278 397.149304087 54569
489.879722792 -260.575701429 302.958422225 54612
504.654144422 -178.648210562 336.265751981 54613
511.262958878 -99.0774658765 358.412454038 54632
510.646932908 -10.536547662 372.55111817 54633
511.262958878 99.0774658765 358.412454038 60053
504.654144422 178.648210562 336.265751981 60072
489.879722792 260.575701429 302.958422225 60073
212.796481315 443.458828278 397.149304087 60116
-19.2746843498 554.536135451 302.958422225 70996
-97.6131835236 526.367414476 336.265751981 70997
-169.827877048 492.305443341 358.412454038 71016
-246.198548511 447.501490094 372.55111817 71017
-341.435081831 393.227977464 358.412454038 76437
-407.040960899 347.719203914 336.265751981 76456
-470.605038442 293.960434023 302.958422225 76457
-490.444851479 -37.442255484 397.149304087 76500
-470.605038442 -293.960434023 302.958422225 87380
-407.040960899 -347.719203914 336.265751981 87381
-341.435081831 -393.227977464 358.412454038 87400
-264.448384398 -436.964942432 372.55111817 87401
-169.827877048 -492.305443341 358.412454038 92821
-97.6131835236 -526.367414476 336.265751981 92840
-19.2746843498 -554.536135451 302.958422225 92841
222.603958448 -473.052540484 355.435530301 109140
493.943486791 -293.960434022 263.197149796 109225
521.468413117 37.442255484 355.435530301 109268
493.943486791 293.960434022 263.197149796 120148
222.603958448 473.052540484 355.435530301 120233
7.60546017534 574.747824606 263.197149796 141993
-293.160150983 432.883765289 355.435530301 142036
-501.548946967 280.787390584 263.197149796 152916
-520.977496608 -43.7455872425 355.435530301 153001
-501.548946967 -280.787390584 263.197149796 174761
-228.308262135 -470.326020773 355.435530301 174804
7.60546017534 -574.747824606 263.197149796 185684
184.933957434 -502.93741592 335.438566105 218281
267.815649262 -467.946384466 330.1008995 218282
465.413268973 -337.526116686 262.930131772 218451
521.50983611 -280.787390584 221.0239279 218452
548.464192813 43.7455872425 311.350280832 218537
521.50983611 280.787390584 221.0239279 240297
465.413268973 337.526116686 262.930131772 240298
267.815649262 467.946384466 330.1008995 240467
184.933957434 502.93741592 335.438566105 240468
59.5995570044 571.822772532 262.930131772 283987
-17.5859047472 592.034461687 221.0239279 283988
-312.116886262 453.111130421 311.350280832 284073
-503.923931363 311.247071103 221.0239279 305833
-525.012825977 234.296655846 262.930131772 305834
-539.161281188 -2.03803644081 330.1008995 306003
-528.023557418 -91.3112027997 335.438566105 306004
-525.012825977 -234.296655846 262.930131772 349523
-503.923931363 -311.247071103 221.0239279 349524
-236.347306551 -496.856717663 311.350280832 349609
-17.5859047472 -592.034461687 221.0239279 371369
59.5995570044 -571.822772532 262.930131772 371370
137.648192435 -503.07648668 357.257145826 436563
192.667360382 -527.564042868 290.208741239 436564
275.12724415 -492.751090538 284.898239509 436565
302.989768031 -433.272502895 346.608977492 436566
432.964485396 -347.485348839 302.425745106 436903
464.594598714 -367.697037994 220.491250781 436904
520.405674766 -311.247071103 178.798319275 436905
544.872128586 -234.296655846 218.826609728 436906
564.501103242 2.03803644081 284.60498137 437075
553.840487404 91.3112027997 290.84123389 437076
544.872128586 234.296655846 218.826609728 480595
520.405674766 311.247071103 178.798319275 480596
464.594598714 367.697037994 220.491250781 480597
432.964485396 347.485348839 302.425745106 480598
302.989768031 433.272502895 346.608977492 480935
275.12724415 492.751090538 284.898239509 480936
192.667360382 527.564042868 290.208741239 480937
137.648192435 503.07648668 357.257145826 480938
84.4488968396 548.700917709 302.425745106 567975
86.1376764421 586.199243945 220.491250781 567976
9.34503304555 606.308070173 178.798319275 567977
-69.5292083086 589.021433092 218.826609728 567978
-284.015542953 487.853277652 284.60498137 568147
-355.998064977 433.984330336 290.84123389 568148
-475.342920277 354.724777246 218.826609728 611667
-529.750707812 295.06099907 178.798319275 611668
-550.732275156 218.50220595 220.491250781 611669
-517.413382236 201.21556887 302.425745106 611670
-526.719878284 45.7605847541 346.608977492 612007
-564.298584223 -8.10836256163 284.898239509 612008
-553.217543438 -96.9271928635 290.208741239 612009
-504.501113729 -132.331411907 357.257145826 612010
-517.413382236 -201.21556887 302.425745106 699047
-550.732275156 -218.50220595 220.491250781 699048
-529.750707812 -295.06099907 178.798319275 699049
-475.342920277 -354.724777246 218.826609728 699050
-280.48556029 -489.891314093 284.60498137 699219
-197.842422427 -525.295533136 290.84123389 699220
-69.5292083086 -589.021433092 218.826609728 742739
9.34503304555 -606.308070173 178.798319275 742740
86.1376764421 -586.199243945 220.491250781 742741
84.4488968396 -548.700917709 302.425745106 742742
153.075640884 -552.204408798 267.027683296 873129
317.57574706 -482.755676967 256.433706462 873132
345.296470782 -423.579792457 317.830381278 873133
399.862172475 -387.564816988 299.281473251 873808
431.33131132 -407.673643217 217.763966433 873809
542.669425283 -295.06099907 134.590290384 873812
567.011362491 -218.50220595 174.414865696 873813
540.549174516 -201.21556887 258.813696217 873814
553.460617664 -45.7605847541 302.081045669 874151
585.832691951 8.10836256163 237.486749258 874152
575.226330961 96.9271928635 243.691263749 874153
532.193640836 132.331411907 314.52181268 874154
540.549174516 201.21556887 258.813696217 961191
567.011362491 218.50220595 174.414865696 961192
542.669425283 295.06099907 134.590290384 961193
431.33131132 407.673643217 217.763966433 961196
399.862172475 387.564816988 299.281473251 961197
345.296470782 423.579792457 317.830381278 961872
317.57574706 482.755676967 256.433706462 961873
153.075640884 552.204408798 267.027683296 961876
137.390075819 577.380694659 217.763966433 1135953
-15.8043917811 617.496007687 134.590290384 1135956
-94.2772201096 600.297347127 174.414865696 1135957
-96.0167929798 568.73710156 258.813696217 1135958
-237.100479943 502.191247269 302.081045669 1136295
-299.938393937 503.291812316 237.486749258 1136296
-371.554576818 449.697019106 243.691263749 1136297
-380.699184848 394.727506743 314.52181268 1136298
-444.532381536 367.521532691 258.813696217 1223335
-472.734142382 381.795141177 174.414865696 1223336
-526.865033502 322.435008617 134.590290384 1223337
-568.721387139 169.707051442 217.763966433 1223340
-535.572063363 152.508390882 299.281473251 1223341
-539.479096188 87.2456193059 317.830381278 1224016
-576.866553605 33.6508260962 256.433706462 1224017
-554.760866543 -143.534810693 267.027683296 1224020
-568.721387139 -169.707051442 217.763966433 1398097
-526.865033502 -322.435008617 134.590290384 1398100
-472.734142382 -381.795141177 174.414865696 1398101
-444.532381536 -367.521532691 258.813696217 1398102
-316.360137721 -456.430662515 302.081045669 1398439
-285.894298014 -511.400174878 237.486749258 1398440
-203.671754143 -546.62421197 243.691263749 1398441
-151.494455988 -527.05891865 314.52181268 1398442
-96.0167929798 -568.73710156 258.813696217 1485479
-94.2772201096 -600.297347127 174.414865696 1485480
-15.8043917811 -617.496007687 134.590290384 1485481
137.390075819 -577.380694659 217.763966433 1485484
321.87091102 -502.595756864 208.476057129 1746265
425.953024078 -433.898486745 173.094682338 1747620
536.154978083 -322.435008617 90.7697596678 1747625
584.714969587 -169.707051442 170.216231914 1747628
558.387455071 -152.508390882 254.185533233 1747629
563.807908907 -87.2456193059 272.349937289 1748304
596.015232673 -33.6508260962 208.084379279 1748305
574.856489425 143.534810693 220.461831755 1748308
584.714969587 169.707051442 170.216231914 1922385
536.154978083 322.435008617 90.7697596678 1922388
425.953024078 433.898486745 173.094682338 1922393
321.87091102 502.595756864 208.476057129 1923748
162.790600146 585.835383043 173.094682338 2271908
11.1594194909 625.541335694 90.7697596678 2271913
-145.386867043 591.231543356 170.216231914 2271916
-147.117586742 559.831916687 254.185533233 2271917
-206.347031766 531.894781621 272.349937289 2272592
-268.865146079 532.989745585 208.084379279 2272593
-411.7330371 426.072918025 220.461831755 2272596
-439.328102544 421.524491914 170.216231914 2446673
-547.314397573 303.106327076 90.7697596678 2446676
-588.743624224 151.936896298 173.094682338 2446681
-596.196148789 27.4505072503 208.476057129 2448036
-588.743624224 -151.936896298 173.094682338 2796196
-547.314397573 -303.106327076 90.7697596678 2796201
-439.328102544 -421.524491914 170.216231914 2796204
-411.269868329 -407.323525805 254.185533233 2796205
-357.460877141 -444.649162315 272.349937289 2796880
-327.150086594 -499.338919489 208.084379279 2796881
-163.123452324 -569.607728719 220.461831755 2796884
-145.386867043 -591.231543356 170.216231914 2970961
11.1594194909 -625.541335694 90.7697596678 2970964
162.790600146 -585.835383043 173.094682338 2970969
283.695712782 -532.330278628 189.227010704 3492531
361.065091437 -487.585614865 177.645468553 3492532
453.865395836 -420.013259504 131.380017043 3495242
507.409934205 -365.855776225 91.3802727516 3495251
552.928290143 -303.106327076 45.4148105912 3495252
600.992746776 -151.936896298 124.05056405 3495257
611.332067474 -27.4505072503 158.698511349 3496612
600.992746776 151.936896298 124.05056405 3844772
552.928290143 303.106327076 45.4148105912 3844777
507.409934205 365.855776225 91.3802727516 3844778
453.865395836 420.013259504 131.380017043 3844787
388.326777459 469.592096541 168.378209249 3844788
283.695712782 532.330278628 189.227010704 3847498
212.515296292 571.096902519 168.378209249 4543817
136.809454738 603.065592445 131.380017043 4543818
63.1354292292 622.357781266 91.3802727516 4543827
-13.9663657756 630.403109273 45.4148105912 4543828
-168.915161422 596.443434347 124.05056405 4543833
-281.893197112 543.154354206 158.698511349 4545188
-432.077585354 444.506538049 124.05056405 4893348
-538.961924367 327.296782197 45.4148105912 4893353
-570.545363434 256.502005042 91.3802727516 4893354
-590.674850575 183.052332941 131.380017043 4893363
-600.84207375 101.504805978 168.378209249 4893364
-602.859400887 -20.4774451005 189.227010704 4896074
-600.84207375 -101.504805978 168.378209249 5592393
-590.674850575 -183.052332941 131.380017043 5592394
-570.545363434 -256.502005042 91.3802727516 5592403
-538.961924367 -327.296782197 45.4148105912 5592404
-432.077585354 -444.506538049 124.05056405 5592409
-329.438870363 -515.703846956 158.698511349 5593764
-168.915161422 -596.443434347 124.05056405 5941924
-13.9663657756 -630.403109273 45.4148105912 5941929
63.1354292292 -622.357781266 91.3802727516 5941930
136.809454738 -603.065592445 131.380017043 5941939
212.515296292 -571.096902519 168.378209249 5941940
241.419634821 -542.073393216 218.033577381 6985063
284.908979197 -546.903331114 139.245339471 6985064
361.884603493 -502.386385432 127.72273902 6985065
444.009467125 -441.892307854 85.1611762329 6990485
495.584493938 -389.726881887 46.6327296873 6990504
540.87119426 -327.296782197 0.901198591443 6990505
576.130685338 -256.502005042 44.1112162243 6990506
599.484074718 -183.052332941 82.3184799365 6990515
612.661956407 -101.504805978 118.354324422 6990516
616.388409907 20.4774451005 138.966351862 6993226
612.661956407 101.504805978 118.354324422 7689545
599.484074718 183.052332941 82.3184799365 7689546
576.130685338 256.502005042 44.1112162243 7689555
540.87119426 327.296782197 0.901198591443 7689556
495.584493938 389.726881887 46.6327296873 7689557
444.009467125 441.892307854 85.1611762329 7689576
378.804393066 491.218824354 121.971074313 7689577
284.908979197 546.903331114 139.245339471 7694997
241.419634821 542.073393216 218.033577381 7694998
236.005784174 573.663639637 121.971074313 9087636
160.685230776 605.469631978 85.1611762329 9087637
89.7211332825 624.052202415 46.6327296873 9087656
13.0117308294 632.056585502 0.901198591449 9087657
-65.9280901809 627.194811923 44.1112162243 9087658
-141.21406681 610.694604341 82.3184799365 9087667
-218.42523762 581.33322117 118.354324422 9087668
-325.928192615 523.569299027 138.966351862 9090378
-394.236718787 479.828415192 118.354324422 9786697
-458.270007908 427.6422714 82.3184799365 9786698
-510.202595157 370.692806881 44.1112162243 9786707
-553.882925089 304.759803306 0.901198591444 9786708
-585.305627221 234.325320529 46.6327296873 9786709
-604.694697901 163.577324124 85.1611762329 9786728
-614.810177241 82.4448152836 121.971074313 9786729
-616.086667757 -26.7132518056 139.245339471 9792149
-590.159146651 -61.9611598806 218.033577381 9792150
-614.810177241 -82.4448152836 121.971074313 11184788
-604.694697901 -163.577324124 85.1611762329 11184789
-585.305627221 -234.325320529 46.6327296873 11184808
-553.882925089 -304.759803306 0.901198591444 11184809
-510.202595157 -370.692806881 44.1112162243 11184810
-458.270007908 -427.6422714 82.3184799365 11184819
-394.236718787 -479.828415192 118.354324422 11184820
-290.460217292 -544.046744128 138.966351862 11187530
-218.42523762 -581.33322117 118.354324422 11883849
-141.21406681 -610.694604341 82.3184799365 11883850
-65.9280901809 -627.194811923 44.1112162243 11883859
13.0117308294 -632.056585502 0.901198591449 11883860
89.7211332825 -624.052202415 46.6327296873 11883861
160.685230776 -605.469631978 85.1611762329 11883880
236.005784174 -573.663639637 121.971074313 11883881
397.399491158 -482.337999651 95.3380464163 13970132
552.077855497 -304.759803306 -44.6894655813 13981012
587.157901185 -234.325320529 -1.69935578683 13981013
609.652290345 -163.577324124 35.1025424168 13981032
622.763106117 -82.4448152836 70.9549904331 13981033
625.457032578 26.7132518056 88.0655843739 13986453
606.1021844 61.9611598806 168.720482772 13986454
622.763106117 82.4448152836 70.9549904331 15379092
609.652290345 163.577324124 35.1025424168 15379093
587.157901185 234.325320529 -1.69935578683 15379112
552.077855497 304.759803306 -44.6894655813 15379113
337.274001836 522.022599239 115.776932693 15379156
-12.1091960334 630.49334938 -44.6894655813 18175316
-90.6472702648 625.656318723 -1.69935578682 18175317
-163.164026998 609.763032976 35.1025424168 18175336
-239.982248613 580.551078079 70.9549904331 18175337
-335.862870971 528.305053286 88.0655843739 18180757
-356.711030705 493.919309039 168.720482772 18180758
-382.780857504 498.106262795 70.9549904331 19573396
-446.488263347 446.185708852 35.1025424168 19573397
-496.51063092 391.330998195 -1.69935578683 19573416
-539.968659464 325.733546074 -44.6894655813 19573417
-620.721833209 31.0765540065 115.776932693 19573460
-539.968659464 -325.733546074 -44.6894655813 22369620
-496.51063092 -391.330998195 -1.69935578683 22369621
-446.488263347 -446.185708852 35.1025424168 22369640
-382.780857504 -498.106262795 70.9549904331 22369641
-289.594161608 -555.018305091 88.0655843739 22375061
-249.391153695 -555.88046892 168.720482772 22375062
-239.982248613 -580.551078079 70.9549904331 23767700
-163.164026998 -609.763032976 35.1025424168 23767701
-90.6472702648 -625.656318723 -1.69935578682 23767720
-12.1091960334 -630.49334938 -44.6894655813 23767721
394.354794563 -492.127233015 44.2800982972 27940265
534.45843689 -325.733546074 -88.9802268704 27962025
628.144892835 -31.0765540065 64.2953028709 27962068
534.45843689 325.733546074 -88.9802268704 30758228
324.107294656 538.492658682 68.1598318012 30758313
14.8643073201 625.721356651 -88.9802268704 36350633
-287.159361186 559.527711456 64.2953028709 36350676
-549.32274421 299.987810577 -88.9802268704 39146836
-628.401969498 11.4388213829 68.1598318012 39146921
-549.32274421 -299.987810577 -88.9802268704 44739241
-340.985531649 -528.451157449 64.2953028709 44739284
14.8643073201 -625.721356651 -88.9802268704 47535444
355.810705614 -521.915032018 25.8666909287 55880531
425.840223714 -467.119521721 11.1848499915 55880532
505.722027184 -369.137526504 -87.4549159422 55924051
540.135411716 -299.987810577 -133.890608675 55924052
631.879822647 -11.4388213829 16.2076423951 55924137
540.135411716 299.987810577 -133.890608675 61516457
505.722027184 369.137526504 -87.4549159422 61516458
352.537987753 524.075122511 26.9792092453 61516627
279.210949436 563.899175462 61.0295846548 61516628
66.8214618504 622.536886047 -87.4549159422 72701267
-10.2706410728 617.764893318 -133.890608675 72701268
-306.033601417 552.943389243 16.2076423951 72701353
-529.864770643 317.777082741 -133.890608675 78293673
-572.543489035 253.399359543 -87.4549159422 78293674
-630.131363462 43.2692919379 26.9792092453 78293843
-627.956485841 -40.1458125043 61.0295846548 78293844
-572.543489035 -253.399359543 -87.4549159422 89478483
-529.864770643 -317.777082741 -133.890608675 89478484
-325.84622123 -541.50456786 16.2076423951 89478569
-10.2706410728 -617.764893318 -133.890608675 95070889
66.8214618504 -622.536886047 -87.4549159422 95070890
320.507474884 -541.761999236 58.6049426481 111761063
348.948207439 -526.543521305 -25.5482537767 111761064
418.621325779 -472.026880653 -40.155374728 111761065
460.210111324 -432.449848286 29.3159807596 111761066
494.751283694 -391.346869195 -41.646606458 111848103
482.808839912 -386.574876466 -130.847749552 111848104
517.047085126 -317.777082741 -177.047118085 111848105
563.402913439 -253.399359543 -134.281667724 111848106
630.213957641 -43.2692919379 -24.9755989945 111848275
630.848991953 40.1458125043 9.13825287852 111848276
563.402913439 253.399359543 -134.281667724 123032915
517.047085126 317.777082741 -177.047118085 123032916
482.808839912 386.574876466 -130.847749552 123032917
494.751283694 391.346869195 -41.646606458 123032918
393.990696299 493.260901761 33.6252672614 123033255
335.927643899 535.137477984 -21.1220807766 123033256
262.973787344 574.758855216 12.75500277 123033257
91.540688568 624.140614831 -41.646606458 145402535
93.3792435285 611.412158769 -130.847749552 145402536
16.6794838312 606.664452042 -177.047118085 145402537
-62.2511740525 614.620915376 -134.281667724 145402538
-277.634672798 567.415943105 -24.9755989945 145402707
-350.191789461 526.258346731 9.13825287852 145402708
-501.151739386 361.221555833 -134.281667724 156587347
-533.726568957 288.887369301 -177.047118085 156587348
-576.188083441 224.837282303 -130.847749552 156587349
-586.291972262 232.793745636 -41.646606458 156587350
-624.171819768 94.575500969 33.6252672614 156587687
-631.406472401 23.3531344582 -21.1220807766 156587688
-629.242663339 -59.6374472389 12.75500277 156587689
-586.291972262 -232.793745636 -41.646606458 178956967
-576.188083441 -224.837282303 -130.847749552 178956968
-533.726568957 -288.887369301 -177.047118085 178956969
-501.151739386 -361.221555833 -134.281667724 178956970
-352.579284842 -524.146651167 -24.9755989945 178957139
-280.657202492 -566.404159235 9.13825287851 178957140
-62.2511740525 -614.620915376 -134.281667724 190141779
16.6794838312 -606.664452042 -177.047118085 190141780
93.3792435285 -611.412158769 -130.847749552 190141781
91.540688568 -624.140614831 -41.646606458 190141782
278.521413973 -566.136448986 39.7616355628 223522128
306.817403704 -550.995422137 -43.9632817607 223522129
445.80905444 -442.23959123 -73.1031839485 223522132
449.041520754 -426.13282558 -128.211435437 223696209
517.343763197 -288.887369301 -220.375051025 223696212
563.463673763 -224.837282303 -177.827245976 223696213
580.875025527 -232.793745636 -89.7603547607 223696214
624.821640874 -94.575500969 -17.8615868999 223696551
627.525739992 -23.3531344582 -73.0186368923 223696552
628.157542437 59.6374472389 -39.0783999316 223696553
580.875025527 232.793745636 -89.7603547607 246065831
563.463673763 224.837282303 -177.827245976 246065832
517.343763197 288.887369301 -220.375051025 246065833
449.041520754 426.13282558 -128.211435437 246065836
460.923186106 430.880532307 -39.464261854 246065837
418.622096589 473.665858654 -7.8637883884 246066512
360.854543267 515.329313294 -62.3325118939 246066513
215.318112691 594.370423512 5.2492452671 246066516
142.691893921 614.611454515 -39.464261854 290805072
144.521091962 601.947777117 -128.211435437 290805073
-8.4880809511 592.476526069 -220.375051025 290805076
-87.0170386897 600.39249674 -177.827245976 290805077
-88.8322152007 619.449401348 -89.7603547607 290805078
-230.506034022 588.399164316 -17.8615868999 290805415
-293.538462297 555.129799591 -73.0186368923 290805416
-365.726315544 514.18166571 -39.0783999316 290805417
-492.042810326 386.655655712 -89.7603547607 313174695
-476.446635073 375.555214437 -177.827245976 313174696
-508.855682246 303.589156767 -220.375051025 313174697
-593.562612716 175.814951537 -128.211435437 313174700
-603.615080027 183.730922208 -39.464261854 313174701
-619.517714794 125.704440905 -7.8637883884 313175376
-626.715548261 54.844544893 -62.3325118939 313175377
-622.398942365 -110.714256271 5.2492452671 313175380
-603.615080027 -183.730922208 -39.464261854 357913936
-593.562612716 -175.814951537 -128.211435437 357913937
-508.855682246 -303.589156767 -220.375051025 357913940
-476.446635073 -375.555214437 -177.827245976 357913941
-492.042810326 -386.655655712 -89.7603547607 357913942
-394.315606852 -493.823663347 -17.8615868999 357914279
-333.987277695 -531.776665133 -73.0186368923 357914280
-262.431226893 -573.819112949 -39.0783999316 357914281
-88.8322152007 -619.449401348 -89.7603547607 380283559
-87.0170386897 -600.39249674 -177.827245976 380283560
-8.4880809511 -592.476526069 -220.375051025 380283561
144.521091962 -601.947777117 -128.211435437 380283564
142.691893921 -614.611454515 -39.464261854 380283565
296.61753133 -550.140015033 -95.0244628631 447044260
421.385886945 -439.434079244 -170.285844558 447392420
488.991132913 -303.589156767 -261.508968108 447392425
580.996236949 -175.814951537 -176.629895663 447392428
598.318977485 -183.730922208 -89.0112014342 447392429
616.768549464 -125.704440905 -58.826817896 447393104
619.458886667 -54.844544893 -113.703158268 447393105
620.719276138 110.714256271 -45.9954156845 447393108
598.318977485 183.730922208 -89.0112014342 492131664
580.996236949 175.814951537 -176.629895663 492131665
488.991132913 303.589156767 -261.508968108 492131668
421.385886945 439.434079244 -170.285844558 492131673
340.698080411 521.045550112 -110.009078204 492133028
196.646789642 599.280078098 -43.1169652604 492133033
169.868132442 584.647922513 -170.285844558 581610148
18.4203556177 575.273321711 -261.508968108 581610153
-138.237904078 591.06497647 -176.629895663 581610156
-140.04384265 610.024895172 -89.0112014342 581610157
-199.52103554 596.989452544 -58.826817896 581610832
-262.232674197 563.8894049 -113.703158268 581610833
-406.240996561 482.201533619 -45.9954156844 581610836
-458.275134835 426.293972964 -89.0112014342 626349392
-442.758332871 415.250024933 -176.629895663 626349393
-507.41148853 271.684164944 -261.508968108 626349396
-591.254019387 145.213843269 -170.285844558 626349401
-621.587723132 34.5304176004 -110.009078204 626350756
-617.315166436 -129.338923646 -43.1169652604 626350761
-591.254019387 -145.213843269 -170.285844558 715827876
-507.41148853 -271.684164944 -261.508968108 715827881
-442.758332871 -415.250024933 -176.629895663 715827884
-458.275134835 -426.293972964 -89.0112014342 715827885
-417.247513924 -471.285011639 -58.826817896 715828560
-357.22621247 -509.044860007 -113.703158268 715828561
-214.478279578 -592.91578989 -45.9954156845 715828564
-140.04384265 -610.024895172 -89.0112014342 760567120
-138.237904078 -591.06497647 -176.629895663 760567121
18.4203556177 -575.273321711 -261.508968108 760567124
169.868132442 -584.647922513 -170.285844558 760567129
166.219045659 -609.91082832 6.75684347471 760567132
251.41567881 -568.987930331 -112.732143427 894088521
328.600372689 -524.837060502 -127.410751381 894088522
383.188719799 -474.586916826 -166.130394484 894784841
427.638319533 -413.109690003 -214.782439385 894784842
460.486119005 -347.105836174 -259.105610268 894784851
484.166291859 -271.684164944 -302.384458795 894784852
575.232521403 -145.213843269 -218.371542602 894784857
610.424416257 -34.5304176004 -160.795916842 894786212
611.671943969 129.338923646 -93.7791041054 894786217
575.232521403 145.213843269 -218.371542602 984263332
484.166291859 271.684164944 -302.384458795 984263337
460.486119005 347.105836174 -259.105610268 984263338
427.638319533 413.109690003 -214.782439385 984263347
383.188719799 474.586916826 -166.130394484 984263348
295.717300053 546.540860097 -116.232574046 984266058
225.72616482 584.553177785 -83.7312691421 984266067
219.409966375 569.144624203 -166.130394484 1163220297
143.944326326 576.900493348 -214.782439385 1163220298
70.3594124257 572.345595236 -259.105610268 1163220307
-6.79775728218 555.142390878 -302.384458795 1163220308
-161.85738345 570.772898252 -218.371542602 1163220313
-275.307989283 545.908260369 -160.795916842 1163221668
-417.84676556 465.053980436 -93.7791041053 1163221673
-413.375137953 425.559054984 -218.371542602 1252698788
-477.368534577 283.458225934 -302.384458795 1252698793
-530.845531431 225.239759062 -259.105610268 1252698794
-571.582645858 163.790803345 -214.782439385 1252698803
-602.598686174 94.5577073767 -166.130394484 1252698804
-621.176919076 -17.1717358641 -116.232574046 1252701514
-619.100984235 -96.7919958596 -83.7312691421 1252701523
-602.598686174 -94.5577073767 -166.130394484 1431655753
-571.582645858 -163.790803345 -214.782439385 1431655754
-530.845531431 -225.239759062 -259.105610268 1431655763
-477.368534577 -283.458225934 -302.384458795 1431655764
-413.375137953 -425.559054984 -218.371542602 1431655769
-335.116426974 -511.377842768 -160.795916842 1431657124
-193.825178409 -594.392904082 -93.7791041054 1431657129
-161.85738345 -570.772898252 -218.371542602 1521134244
-6.79775728218 -555.142390878 -302.384458795 1521134249
70.3594124257 -572.345595236 -259.105610268 1521134250
143.944326326 -576.900493348 -214.782439385 1521134259
219.409966375 -569.144624203 -166.130394484 1521134260
215.798117032 -594.149732378 9.10564525854 1521134265
216.643743505 -588.595330432 -79.2885235612 1788177043
315.218591922 -518.510795066 -177.339897603 1788177045
370.620316816 -500.518286873 -108.571035937 1788177046
351.438381284 -483.236462565 -206.492687481 1789569684
395.661764599 -422.072110506 -254.897128548 1789569685
427.301334015 -358.496055231 -297.589974474 1789569704
450.860991861 -283.458225934 -340.648564863 1789569705
507.718636053 -225.239759062 -301.91800562 1789569706
551.965575828 -163.790803345 -261.098104963 1789569715
586.880713769 -94.5577073767 -215.163919737 1789569716
609.502778113 17.1717358641 -166.964485849 1789572426
610.108922496 96.7919958596 -134.402592248 1789572435
586.880713769 94.5577073767 -215.163919737 1968526665
551.965575828 163.790803345 -261.098104963 1968526666
507.718636053 225.239759062 -301.91800562 1968526675
450.860991861 283.458225934 -340.648564863 1968526676
427.301334015 358.496055231 -297.589974474 1968526677
395.661764599 422.072110506 -254.897128548 1968526696
351.438381284 483.236462565 -206.492687481 1968526697
272.321941722 546.823851742 -162.75773345 1968532117
242.775861975 545.972797339 -206.492687481 2326440596
167.694287627 553.689194702 -254.897128548 2326440597
96.8160239792 549.301837944 -297.589974474 2326440616
20.0515286402 532.186185494 -340.648564863 2326440617
-58.7959647367 552.317116328 -301.91800562 2326440618
-134.135791311 559.911612354 -261.098104963 2326440627
-211.550980173 555.532460804 -215.163919737 2326440628
-319.622548542 519.259021591 -166.964485849 2326443338
-388.878788546 479.973828028 -134.402592248 2326443347
-375.329733596 460.974753427 -215.163919737 2505397577
-417.829784517 396.120809009 -261.098104963 2505397578
-448.922671316 327.077357266 -301.91800562 2505397587
-470.912520501 248.72795956 -340.648564863 2505397588
-524.117357994 190.805782713 -297.589974474 2505397589
-563.356052227 131.617084196 -254.897128548 2505397608
-594.214243258 62.7363347739 -206.492687481 2505397609
-609.724317865 -37.5742063323 -162.75773345 2505403029
-594.214243258 -62.7363347739 -206.492687481 2863311508
-563.356052227 -131.617084196 -254.897128548 2863311509
-524.117357994 -190.805782713 -297.589974474 2863311528
-470.912520501 -248.72795956 -340.648564863 2863311529
-448.922671316 -327.077357266 -301.91800562 2863311530
-417.829784517 -396.120809009 -261.098104963 2863311539
-375.329733596 -460.974753427 -215.163919737 2863311540
-289.880229571 -536.430757455 -166.964485849 2863314250
-221.230133951 -576.765823887 -134.402592248 2863314259
-211.550980173 -555.532460804 -215.163919737 3042268489
-134.135791311 -559.911612354 -261.098104963 3042268490
-58.7959647367 -552.317116328 -301.91800562 3042268499
20.0515286402 -532.186185494 -340.648564863 3042268500
96.8160239792 -549.301837944 -297.589974474 3042268501
167.694287627 -553.689194702 -254.897128548 3042268520
242.775861975 -545.972797339 -206.492687481 3042268521
441.277536023 -248.72795956 -378.251481041 3579139412
497.845815796 -190.805782713 -339.718032422 3579139413
540.465234598 -131.617084196 -300.39959706 3579139432
575.202679658 -62.7363347739 -254.699183721 3579139433
594.259757766 37.5742063323 -212.389180266 3579144853
575.202679658 62.7363347739 -254.699183721 3937053332
540.465234598 131.617084196 -300.39959706 3937053333
497.845815796 190.805782713 -339.718032422 3937053352
441.277536023 248.72795956 -378.251481041 3937053353
309.502491808 513.514669669 -200.440854555 3937053396
-5.23403640088 506.521536095 -378.251481041 4652881236
-83.6802528799 526.550015003 -339.718032422 4652881237
-156.248878813 533.865165122 -300.39959706 4652881256
-233.270080175 529.508300296 -254.699183721 4652881257
-329.670096094 495.856943506 -212.389180266 4652886677
-341.932599484 466.771965522 -254.699183721 5010795156
-384.216355785 402.248080926 -300.39959706 5010795157
-414.165562916 335.744232291 -339.718032422 5010795176
-436.043499622 257.793576535 -378.251481041 5010795177
-599.467995053 11.2796856054 -200.440854555 5010795220
-436.043499622 -257.793576535 -378.251481041 5726623060
-414.165562916 -335.744232291 -339.718032422 5726623061
-384.216355785 -402.248080926 -300.39959706 5726623080
-341.932599484 -466.771965522 -254.699183721 5726623081
-264.589661672 -533.431149838 -212.389180266 5726628501
-233.270080175 -529.508300296 -254.699183721 6084536980
-156.248878813 -533.865165122 -300.39959706 6084536981
-83.6802528799 -526.550015003 -339.718032422 6084537000
-5.23403640088 -506.521536095 -378.251481041 6084537001
403.431894087 -257.793576535 -412.856904152 7158278825
580.936705332 -11.2796856054 -249.100296398 7158278868
403.431894087 257.793576535 -412.856904152 7874106708
274.38844074 517.091470733 -238.732149194 7874106793
21.5398391683 478.279057244 -412.856904152 9305762473
-280.699858385 508.745787611 -249.100296398 9305762516
-424.971733255 220.485480709 -412.856904152 10021590356
-585.008570105 -20.9183751807 -238.732149194 10021590441
-424.971733255 -220.485480709 -412.856904152 11453246121
-300.236846947 -497.466102006 -249.100296398 11453246164
21.5398391683 -478.279057244 -412.856904152 12169074004
375.362315023 -301.54332243 -409.683294428 14316557651
389.549476226 -220.485480709 -446.433648983 14316557652
563.374755247 20.9183751807 -286.071584232 14316557737
389.549476226 220.485480709 -446.433648983 15748213417
375.362315023 301.54332243 -409.683294428 15748213418
281.388984354 490.371861354 -282.880401675 15748213587
73.463020054 475.844961648 -409.683294428 18611524947
-3.82871065345 447.602482797 -446.433648983 18611524948
-299.803221936 477.437662304 -286.071584232 18611525033
-385.720765572 227.117002088 -446.433648983 20043180713
-448.825335077 174.301639218 -409.683294428 20043180714
-565.368981411 -1.49592188163 -282.880401675 20043180883
-448.825335077 -174.301639218 -409.683294428 22906492243
-385.720765572 -227.117002088 -446.433648983 22906492244
-263.571533311 -498.356037485 -286.071584232 22906492329
-3.82871065345 -447.602482797 -446.433648983 24338148009
73.463020054 -475.844961648 -409.683294428 24338148010
385.281231816 -336.004796683 -371.92041298 28633115303
333.553172019 -307.762317831 -440.102580922 28633115304
347.668130799 -227.117002088 -476.665902666 28633115305
413.583351799 -174.301639218 -445.234089279 28633115306
540.168157153 1.49592188163 -328.453602189 28633115475
413.583351799 174.301639218 -445.234089279 31496426835
347.668130799 227.117002088 -476.665902666 31496426836
333.553172019 307.762317831 -440.102580922 31496426837
385.281231816 336.004796683 -371.92041298 31496426838
323.467951315 460.21143446 -288.512676739 31496427175
243.446426869 488.821400368 -318.517064475 31496427176
98.3480738128 501.665732696 -371.92041298 37223049895
99.7533995602 442.746679397 -440.102580922 37223049896
22.8550280401 414.647934402 -476.665902666 37223049897
-55.8420284148 445.324508849 -445.234089279 37223049898
-271.379584928 467.051385469 -328.453602189 37223050067
-357.741323384 271.022869631 -445.234089279 40086361427
-370.523158839 187.530932314 -476.665902666 40086361428
-433.306571579 134.984361565 -440.102580922 40086361429
-483.629305629 165.660936013 -371.92041298 40086361430
-560.288769012 50.0257459186 -288.512676739 40086361767
-545.054964067 -33.5799100549 -318.517064475 40086361768
-483.629305629 -165.660936013 -371.92041298 45812984487
-433.306571579 -134.984361565 -440.102580922 45812984488
-370.523158839 -187.530932314 -476.665902666 45812984489
-357.741323384 -271.022869631 -445.234089279 45812984490
-268.788572225 -468.547307351 -328.453602189 45812984659
-55.8420284148 -445.324508849 -445.234089279 48676296019
22.8550280401 -414.647934402 -476.665902666 48676296020
99.7533995602 -442.746679397 -440.102580922 48676296021
98.3480738128 -501.665732696 -371.92041298 48676296022
353.340525469 -376.509882279 -364.769003868 57266230608
301.875724204 -348.411137284 -432.604173729 57266230609
330.0338068 -187.530932314 -505.544736269 57266230612
395.613566845 -134.984361565 -474.272888152 57266230613
451.377330133 -165.660936013 -410.463889638 57266230614
534.641613998 -50.0257459186 -333.648638394 57266230951
516.98996922 33.5799100549 -362.297399854 57266230952
451.377330133 165.660936013 -410.463889638 62992853671
395.613566845 134.984361565 -474.272888152 62992853672
330.0338068 187.530932314 -505.544736269 62992853673
301.875724204 348.411137284 -432.604173729 62992853676
353.340525469 376.509882279 -364.769003868 62992853677
327.390209185 428.65404141 -329.752950385 62992854352
247.775936609 457.118403217 -359.604637419 62992854353
198.696426034 513.998439489 -309.824109874 62992854354
149.396860094 494.256812382 -364.769003868 74446099792
150.795033747 435.637614588 -432.604173729 74446099793
-2.61035202054 379.583126953 -505.544736269 74446099796
-80.9068971932 410.103579752 -474.272888152 74446099797
-82.2220860649 473.734702594 -410.463889637 74446099798
-223.99724019 488.026092602 -333.648638394 74446100135
-287.576039775 430.936491819 -362.297399854 74446100136
-369.155244068 308.073766581 -410.463889638 80172722855
-314.706669652 275.119218187 -474.272888152 80172722856
-327.423454779 192.052194639 -505.544736269 80172722857
-452.670757951 87.2264773048 -432.604173729 80172722860
-502.737385564 117.746930104 -364.769003868 80172722861
-534.920393888 69.2012174 -329.752950385 80172723536
-519.764118028 -13.9789460584 -359.604637419 80172723537
-544.48391912 -84.9230671578 -309.824109873 80172723538
-502.737385564 -117.746930104 -364.769003868 91625968976
-452.670757951 -87.2264773048 -432.604173729 91625968977
-327.423454779 -192.052194639 -505.544736269 91625968980
-314.706669652 -275.119218187 -474.272888152 91625968981
-369.155244068 -308.073766581 -410.463889638 91625968982
-310.644373808 -438.000346683 -333.648638394 91625969319
-229.413929446 -464.516401874 -362.297399854 91625969320
-82.2220860649 -473.734702594 -410.463889637 97352592039
-80.9068971932 -410.103579752 -474.272888152 97352592040
-2.61035202054 -379.583126953 -505.544736269 97352592041
150.795033747 -435.637614588 -432.604173729 97352592044
149.396860094 -494.256812382 -364.769003868 97352592045
359.500390012 -407.345170489 -323.256904389 114532461217
256.832706218 -351.290682854 -458.582012002 114532461220
284.703447086 -192.052194639 -530.778245906 114532461225
415.529213476 -87.2264773048 -468.393700833 114532461228
471.009179411 -117.746930104 -404.909444119 114532461229
505.965009031 -69.2012174 -372.661033275 114532461904
488.4031984 13.9789460584 -401.163993193 114532461905
517.136339649 84.9230671578 -353.586939032 114532461906
471.009179411 117.746930104 -404.909444119 125985707344
415.529213476 87.2264773048 -468.393700833 125985707345
284.703447086 192.052194639 -530.778245906 125985707348
256.832706218 351.290682854 -458.582012002 125985707353
207.333411431 450.753790587 -391.790149635 125985708708
175.810302355 398.068989534 -458.582012002 148892199588
23.9703558671 342.586515041 -530.778245906 148892199593
-132.22426151 403.472093537 -468.393700833 148892199596
-133.532757018 466.779379838 -404.909444119 148892199597
-193.052492274 472.779159947 -372.661033275 148892200272
-256.307721605 415.980104075 -401.163993193 148892200273
-332.11370335 405.391673777 -353.586939032 148892200274
-337.476422393 349.032449734 -404.909444119 160345445712
-283.304951967 316.245616233 -468.393700833 160345445713
-308.673802953 150.534320402 -530.778245906 160345445716
-432.643008573 46.7783066803 -458.582012002 160345445721
-494.030939216 -45.8208939407 -391.790149635 160345447076
-432.643008573 -46.7783066803 -458.582012002 183251937956
-308.673802953 -150.534320402 -530.778245906 183251937961
-283.304951967 -316.245616233 -468.393700833 183251937964
-337.476422393 -349.032449734 -404.909444119 183251937965
-312.912516757 -403.577942547 -372.661033275 183251938640
-232.095476795 -429.959050133 -401.163993193 183251938641
-185.022636299 -490.314740935 -353.586939032 183251938642
-133.532757018 -466.779379838 -404.909444119 194705184080
-132.22426151 -403.472093537 -468.393700833 194705184081
23.9703558671 -342.586515041 -530.778245906 194705184084
175.810302355 -398.068989534 -458.582012002 194705184089
173.021070746 -515.009055666 -323.256904389 194705184092
323.931837314 -443.860998971 -312.603939422 229064922436
243.696372535 -313.506754161 -491.926048999 229064922442
257.238110223 -236.136516773 -527.004501566 229064922451
263.940553647 -150.534320402 -554.382942646 229064922452
393.431296548 -46.7783066803 -492.635006365 229064922457
460.108284062 45.8208939407 -431.12232277 229064923812
393.431296548 46.7783066803 -492.635006365 251971414692
263.940553647 150.534320402 -554.382942646 251971414697
257.238110223 236.136516773 -527.004501566 251971414698
243.696372535 313.506754161 -491.926048999 251971414707
149.656627094 367.800626506 -491.926048999 297784399178
75.881167175 340.842996661 -527.004501566 297784399187
-1.60373121409 303.846384748 -554.382942646 297784399188
-156.204446343 364.110650794 -492.635006365 297784399193
-269.736200208 375.555015519 -431.12232277 297784400548
-237.226850205 317.332344114 -492.635006365 320690891428
-262.336822433 153.312064346 -554.382942646 320690891433
-333.119277398 104.706479888 -527.004501566 320690891434
-393.352999629 54.2938723447 -491.926048999 320690891443
-393.352999629 -54.2938723447 -491.926048999 366503875914
-333.119277398 -104.706479888 -527.004501566 366503875923
-262.336822433 -153.312064346 -554.382942646 366503875924
-237.226850205 -317.332344114 -492.635006365 366503875929
-190.372083854 -421.37590946 -431.12232277 366503877284
-156.204446343 -364.110650794 -492.635006365 389410368164
-1.60373121409 -303.846384748 -554.382942646 389410368169
75.881167175 -340.842996661 -527.004501566 389410368170
149.656627094 -367.800626506 -491.926048999 389410368179
222.428982201 -502.463699694 -312.603939422 389410368185
326.613524526 -470.364261438 -267.85576666 458129844873
282.384438364 -449.3557 -343.517289845 458129844874
196.106022384 -313.00296005 -513.066486491 458129844885
209.149658684 -238.478607251 -546.854659604 458129844904
215.817991504 -153.312064346 -574.093764157 458129844905
288.613688081 -104.706479888 -552.633998861 458129844906
351.530195454 -54.2938723447 -522.632128447 458129844915
351.530195454 54.2938723447 -522.632128447 503942829386
288.613688081 104.706479888 -552.633998861 503942829395
215.817991504 153.312064346 -574.093764157 503942829396
209.149658684 238.478607251 -546.854659604 503942829397
196.106022384 313.00296005 -513.066486491 503942829416
101.953702796 300.368221239 -546.854659604 595568798376
24.8631466788 263.559895409 -574.093764157 595568798377
-53.6283725167 302.300025702 -552.633998861 595568798378
-128.745225007 331.581015633 -522.632128447 595568798387
-222.784970447 277.287143288 -522.632128447 641381782858
-234.985315564 197.593545814 -552.633998861 641381782867
-240.681138183 110.247831063 -574.093764157 641381782868
-311.10336148 61.8896139878 -546.854659604 641381782869
-369.121526055 13.3313171949 -513.066486491 641381782888
-311.10336148 -61.8896139878 -546.854659604 733007751848
-240.681138183 -110.247831063 -574.093764157 733007751849
-234.985315564 -197.593545814 -552.633998861 733007751850
-222.784970447 -277.287143288 -522.632128447 733007751859
-128.745225007 -331.581015633 -522.632128447 778820736330
-53.6283725167 -302.300025702 -552.633998861 778820736339
24.8631466788 -263.559895409 -574.093764157 778820736340
101.953702796 -300.368221239 -546.854659604 778820736341
244.040637175 -518.037740179 -267.85576666 778820736372
276.617038419 -418.306608481 -384.926278568 916259689750
192.613472942 -110.247831063 -591.955328012 916259689812
265.038691905 -61.8896139878 -570.60477745 916259689813
325.640961596 -13.3313171949 -541.706456199 916259689832
265.038691905 61.8896139878 -570.60477745 1007885658792
192.613472942 110.247831063 -591.955328012 1007885658793
152.959462823 295.361400027 -537.615746312 1191137596753
-0.829314058674 221.932076211 -591.955328012 1191137596756
-78.9213680084 260.475047169 -570.60477745 1191137596757
-151.275221441 288.679003853 -541.706456199 1191137596776
-186.117323896 198.585433181 -570.60477745 1282763565736
-191.784158884 111.684245148 -591.955328012 1282763565737
-332.270207132 -15.21391946 -537.615746312 1466015503697
-191.784158884 -111.684245148 -591.955328012 1466015503700
-186.117323896 -198.585433181 -570.60477745 1466015503701
-174.365740155 -275.347686658 -541.706456199 1466015503720
-78.9213680084 -260.475047169 -570.60477745 1557641472680
-0.829314058674 -221.932076211 -591.955328012 1557641472681
152.959462823 -295.361400027 -537.615746312 1557641472684
232.224724953 -419.385533884 -412.132376385 1832519379501
142.412289095 -111.684245148 -605.731800284 1832519379625
286.894134869 15.21391946 -563.13935807 2015771317585
142.412289095 111.684245148 -605.731800284 2015771317588
25.5152489529 179.174782741 -605.731800284 2382275193513
-156.622708178 240.850649263 -563.13935807 2565527131473
-167.927538048 67.4905375936 -605.731800284 2565527131476
-167.927538048 -67.4905375936 -605.731800284 2932031007401
-130.271426691 -256.064568723 -563.13935807 3115282945361
25.5152489529 -179.174782741 -605.731800284 3115282945364
193.825736303 -451.508059853 -397.791026054 3665038759003
115.671111644 -156.177582204 -601.576596389 3665038759251
117.502730935 -67.4905375936 -617.498000105 3665038759252
117.502730935 67.4905375936 -617.498000105 4031542635177
115.671111644 156.177582204 -601.576596389 4031542635178
-0.302845396367 135.505618801 -617.498000105 4764550387028
-117.199885539 68.015081207 -617.498000105 5131054262953
-193.089309513 22.0853300653 -601.576596389 5131054262954
-117.199885539 -68.015081207 -617.498000105 5864062014804
-0.302845396367 -135.505618801 -617.498000105 6230565890729
200.014484288 -482.388179921 -356.316565041 7330077518007
139.267211354 -199.008066167 -583.666067214 7330077518503
65.9787670165 -68.015081207 -625.049114555 7330077518505
142.921128315 -22.0853300653 -615.427846179 7330077518506
65.9787670165 68.015081207 -625.049114555 8063085270356
139.267211354 199.008066167 -583.666067214 8063085270358
-52.33410727 134.815992891 -615.427846179 9529100774058
-91.8921716739 23.1317477431 -625.049114555 10262108525908
-241.979646536 21.1049098635 -583.666067214 10262108525910
-90.587021045 -112.730662826 -615.427846179 11728124029610
111.228581631 -241.693764337 -573.478832638 14660155037008
40.135420309 -23.1317477431 -630.491645351 14660155037012
193.119722537 -21.1049098635 -601.602028023 14660155037014
111.228581631 241.693764337 -573.478832638 16126170540717
-78.2824731823 177.799040621 -601.602028023 19058201548118
-40.100391334 23.1924197076 -630.491645351 20524217051817
-264.927230668 -24.520104849 -573.478832638 20524217051821
-114.837249355 -156.694130757 -601.602028023 23456248059222
-11.9285883222 -23.1924197076 -631.652962491 29320310074025
216.827914248 24.520104849 -593.338069431 29320310074029
-129.648990827 175.518429564 -593.338069431 38116403096237
-13.8799076825 68.1361163593 -628.355363139 41048434103635
-87.1789234215 -200.038534413 -593.338069431 46912496118445
-37.8842819764 -68.1361163593 -627.365838568 58640620148051
