0 0 632.0 1
52.0327763921 0 629.854419831 2
-26.0163881961 45.061706185 629.854419831 3
-26.0163881961 -45.061706185 629.854419831 4
77.7841950633 -45.061706185 625.574185556 5
77.7841950633 45.061706185 625.574185556 6
0.132484762445 89.8939420302 625.574185556 7
-77.9166798257 44.8322358452 625.574185556 8
-77.9166798257 -44.8322358452 625.574185556 9
0.132484762445 -89.8939420302 625.574185556 10
129.155896963 -44.8322358452 617.035513491 12
129.155896963 44.8322358452 617.035513491 13
-25.752093331 134.268405741 617.035513491 16
-103.403803632 89.4361698958 617.035513491 17
-103.403803632 -89.4361698958 617.035513491 20
-25.752093331 -134.268405741 617.035513491 21
153.853502602 -89.4361698958 606.427465779 25
153.853502602 89.4361698958 606.427465779 28
0.52724384603 177.959126662 606.427465779 33
-154.380746448 88.5229567665 606.427465779 36
-154.380746448 -88.5229567665 606.427465779 41
0.52724384603 -177.959126662 606.427465779 44
127.053637292 -134.042435086 604.41211011 51
203.784019323 -88.5229567665 591.658482229 52
203.784019323 88.5229567665 591.658482229 57
127.053637292 134.042435086 604.41211011 58
52.5573353237 177.052895081 604.41211011 67
-25.2288802835 220.743616002 591.658482229 68
-178.555139039 132.220659236 591.658482229 73
-179.610972615 43.0104599948 604.41211011 74
-179.610972615 -43.0104599948 604.41211011 83
-178.555139039 -132.220659236 591.658482229 84
-25.2288802835 -220.743616002 591.658482229 89
52.5573353237 -177.052895081 604.41211011 90
150.320763211 -177.508336076 587.638033803 104
226.660406667 -132.220659236 574.949351961 105
228.762666339 -43.0104599948 587.572755342 106
228.762666339 43.0104599948 587.572755342 115
226.660406667 132.220659236 574.949351961 116
150.320763211 177.508336076 587.638033803 117
78.5663468196 218.935767695 587.638033803 136
1.17624646939 262.403999824 574.949351961 137
-77.1331821854 219.619510484 587.572755342 138
-151.629484153 176.609050489 587.572755342 147
-227.836653137 130.183340588 574.949351961 148
-228.88711003 41.427431619 587.638033803 149
-228.88711003 -41.427431619 587.638033803 168
-227.836653137 -130.183340588 574.949351961 169
-151.629484153 -176.609050489 587.572755342 170
-77.1331821854 -219.619510484 587.572755342 179
1.17624646939 -262.403999824 574.949351961 180
78.5663468196 -218.935767695 587.638033803 181
274.398946274 -130.183340588 554.239583679 212
276.490500486 -41.427431619 566.798704171 213
276.490500486 41.427431619 566.798704171 232
274.398946274 130.183340588 554.239583679 233
-24.457393038 302.728128539 554.239583679 276
-102.368042048 260.161513136 566.798704171 277
-174.122458439 218.734081517 566.798704171 296
-249.941553236 172.544787951 554.239583679 297
-249.941553236 -172.544787951 554.239583679 340
-174.122458439 -218.734081517 566.798704171 341
-102.368042048 -260.161513136 566.798704171 360
-24.457393038 -302.728128539 554.239583679 361
294.723760016 -172.544787951 531.780219106 425
294.723760016 172.544787951 531.780219106 468
2.06628964774 341.510657249 531.780219106 553
-296.790049664 168.965869298 531.780219106 596
-296.790049664 -168.965869298 531.780219106 681
2.06628964774 -341.510657249 531.780219106 724
267.206532925 -216.727834305 530.14499394 851
339.564123059 -168.965869298 505.540049198 852
339.564123059 168.965869298 505.540049198 937
267.206532925 216.727834305 530.14499394 938
54.0885437533 339.771562723 530.14499394 1107
-23.4533263453 378.554091432 505.540049198 1108
-316.110796714 209.588222134 505.540049198 1193
-321.295076678 123.043728417 530.14499394 1194
-321.295076678 -123.043728417 530.14499394 1363
-316.110796714 -209.588222134 505.540049198 1364
-23.4533263453 -378.554091432 505.540049198 1449
54.0885437533 -339.771562723 530.14499394 1450
219.504619662 -218.324437408 550.977460499 1703
284.669796447 -257.106966117 502.277926018 1704
356.658915829 -209.588222134 477.798278463 1705
363.851329178 -123.043728417 501.892868202 1706
363.851329178 123.043728417 501.892868202 1875
356.658915829 209.588222134 477.798278463 1876
284.669796447 257.106966117 502.277926018 1877
219.504619662 218.324437408 550.977460499 1878
79.3221992314 299.258795579 550.977460499 2215
80.3262659241 375.084758472 502.277926018 2216
3.1792667878 413.669792661 477.798278463 2217
-75.3666700034 376.626358478 501.892868202 2218
-288.484659175 253.58263006 501.892868202 2387
-359.838182617 204.081570527 477.798278463 2388
-364.996062371 117.977792355 502.277926018 2389
-298.826818893 80.9343581711 550.977460499 2390
-298.826818893 -80.9343581711 550.977460499 2727
-364.996062371 -117.977792355 502.277926018 2728
-359.838182617 -204.081570527 477.798278463 2729
-288.484659175 -253.58263006 501.892868202 2730
-75.3666700034 -376.626358478 501.892868202 2899
3.1792667878 -413.669792661 477.798278463 2900
80.3262659241 -375.084758472 502.277926018 2901
79.3221992314 -299.258795579 550.977460499 2902
189.50888514 -260.292041848 543.836772758 3408
254.342217517 -298.877076037 495.38523374 3409
397.953861913 -204.081570527 446.55059776 3412
405.109648919 -117.977792355 470.522489223 3413
343.174493106 -80.9343581711 524.504429866 3414
343.174493106 80.9343581711 524.504429866 3751
405.109648919 117.977792355 470.522489223 3752
397.953861913 204.081570527 446.55059776 3753
254.342217517 298.877076037 495.38523374 3756
189.50888514 260.292041848 543.836772758 3757
131.664031699 369.705359643 495.38523374 4433
-22.2371064359 446.678939214 446.55059776 4436
-100.383059198 409.824143459 470.522489223 4437
-101.496036338 337.665008046 524.504429866 4438
-241.678456768 256.730649875 524.504429866 4775
-304.726589721 291.846351105 470.522489223 4776
-375.716755477 242.597368687 446.55059776 4777
-386.006249216 70.8282836056 495.38523374 4780
-320.173963214 33.9734878504 543.836772758 4781
-386.006249216 -70.8282836056 495.38523374 5457
-375.716755477 -242.597368687 446.55059776 5460
-304.726589721 -291.846351105 470.522489223 5461
-241.678456768 -256.730649875 524.504429866 5462
-101.496036338 -337.665008046 524.504429866 5799
-100.383059198 -409.824143459 470.522489223 5800
-22.2371064359 -446.678939214 446.55059776 5801
131.664031699 -369.705359643 495.38523374 5804
139.724128686 -259.451358496 559.094053302 6817
269.0606389 -336.424938067 462.43770785 6820
411.20589627 -242.597368687 414.101711634 6825
425.481030453 -70.8282836056 461.923421106 6828
363.861270626 -33.9734878504 515.630466382 6829
425.481030453 70.8282836056 461.923421106 7505
411.20589627 242.597368687 414.101711634 7508
269.0606389 336.424938067 462.43770785 7513
139.724128686 259.451358496 559.094053302 7516
156.502645021 329.040158889 516.394709442 8867
156.822223383 401.225817479 462.43770785 8868
4.49253603925 477.4134367 414.101711634 8873
-151.401422317 403.891523003 461.923421106 8876
-152.508731779 332.099847741 515.630466382 8877
-274.079608135 333.063239398 461.923421106 9553
-415.69843231 234.816068012 414.101711634 9556
-425.882862283 64.8008794124 462.43770785 9561
-294.553531847 -8.72103428418 559.094053302 9564
-363.208458974 -28.9848130973 516.394709442 10915
-425.882862283 -64.8008794124 462.43770785 10916
-415.69843231 -234.816068012 414.101711634 10921
-274.079608135 -333.063239398 461.923421106 10924
-211.352538847 -298.12635989 515.630466382 10925
-151.401422317 -403.891523003 461.923421106 11601
4.49253603925 -477.4134367 414.101711634 11604
156.822223383 -401.225817479 462.43770785 11609
156.502645021 -329.040158889 516.394709442 11610
236.067705249 -374.959862696 450.667438257 13641
314.031687743 -332.011483021 436.550654833 13642
383.095500441 -286.423682222 413.065747557 13651
448.38031119 -234.816068012 378.471281262 13652
462.509685106 -64.8008794124 425.80469374 13657
339.583955329 8.72103428418 532.94528879 13660
404.490353879 28.9848130973 484.738521503 15011
462.509685106 64.8008794124 425.80469374 15012
448.38031119 234.816068012 378.471281262 15017
383.095500441 286.423682222 413.065747557 15018
314.031687743 332.011483021 436.550654833 15027
236.067705249 374.959862696 450.667438257 15028
130.514534773 437.965160689 436.550654833 17738
56.5024348295 474.982276568 413.065747557 17747
-20.8334754795 505.716774054 378.471281262 17748
-175.135634794 432.945576504 425.80469374 17753
-177.344614902 289.727814891 532.94528879 17756
-227.346761406 335.806515496 484.738521503 19107
-287.374050312 368.144697092 425.80469374 19108
-427.546835711 270.900706041 378.471281262 19113
-439.59793527 188.558594346 413.065747557 19114
-444.546222516 105.953677668 436.550654833 19123
-442.758619119 16.9606984108 450.667438257 19124
-444.546222516 -105.953677668 436.550654833 21834
-439.59793527 -188.558594346 413.065747557 21843
-427.546835711 -270.900706041 378.471281262 21844
-287.374050312 -368.144697092 425.80469374 21849
-162.239340427 -298.448849175 532.94528879 21852
-177.143592473 -364.791328593 484.738521503 23203
-175.135634794 -432.945576504 425.80469374 23204
-20.8334754795 -505.716774054 378.471281262 23209
56.5024348295 -474.982276568 413.065747557 23210
130.514534773 -437.965160689 436.550654833 23219
248.21383227 -408.885098648 413.070054075 27284
325.780794254 -366.155427497 399.025158366 27285
392.30266773 -322.245515804 376.404628606 27304
457.255024851 -270.900706041 341.986329719 27305
472.113386324 -188.558594346 375.471179923 27306
478.97839506 -105.953677668 398.468963979 27315
478.35910002 -16.9606984108 412.68499626 27316
478.97839506 105.953677668 398.468963979 30026
472.113386324 188.558594346 375.471179923 30035
457.255024851 270.900706041 341.986329719 30036
392.30266773 322.245515804 376.404628606 30037
325.780794254 366.155427497 399.025158366 30056
248.21383227 408.885098648 413.070054075 30057
154.209504819 465.212157638 399.025158366 35477
82.9214690771 500.866834128 376.404628606 35496
5.97938090925 531.44482055 341.986329719 35497
-72.7601603562 503.141483196 375.471179923 35498
-147.730621045 467.78429682 398.468963979 35507
-224.49115432 422.751481954 412.68499626 35508
-331.247774015 361.830619152 398.468963979 38218
-399.353225967 314.58288885 375.471179923 38227
-463.23440576 260.544114509 341.986329719 38228
-475.224136807 178.621318324 376.404628606 38229
-479.990299074 99.0567301407 399.025158366 38248
-478.211798793 10.516934993 413.070054075 38249
-479.990299074 -99.0567301407 399.025158366 43669
-475.224136807 -178.621318324 376.404628606 43688
-463.23440576 -260.544114509 341.986329719 43689
-399.353225967 -314.58288885 375.471179923 43690
-331.247774015 -361.830619152 398.468963979 43699
-253.867945699 -405.790783543 412.68499626 43700
-147.730621045 -467.78429682 398.468963979 46410
-72.7601603562 -503.141483196 375.471179923 46419
5.97938090925 -531.44482055 341.986329719 46420
82.9214690771 -500.866834128 376.404628606 46421
154.209504819 -465.212157638 399.025158366 46440
489.817620426 -260.544114509 302.687071271 54612
504.600317803 -178.621318324 336.00140463 54613
511.21265536 -99.0567301407 358.152740061 54632
510.596513992 -10.516934993 372.296379216 54633
511.21265536 99.0567301407 358.152740061 60053
504.600317803 178.621318324 336.00140463 60072
489.817620426 260.544114509 302.687071271 60073
-19.2709882423 554.466559765 302.687071271 70996
-97.6095595752 526.307353137 336.00140463 70997
-169.820682962 492.251511348 358.152740061 71016
-246.190324122 447.448019698 372.296379216 71017
-341.391972398 393.194781208 358.152740061 76437
-406.990758228 347.686034813 336.00140463 76456
-470.546632184 293.922445256 302.687071271 76457
-470.546632184 -293.922445256 302.687071271 87380
-406.990758228 -347.686034813 336.00140463 87381
-341.391972398 -393.194781208 358.152740061 87400
-264.40618987 -436.931084705 372.296379216 87401
-169.820682962 -492.251511348 358.152740061 92821
-97.6095595752 -526.307353137 336.00140463 92840
-19.2709882423 -554.466559765 302.687071271 92841
493.86950113 -293.922445256 262.91921198 109225
493.86950113 293.922445256 262.91921198 120148
7.60955376938 574.664756761 262.91921198 141993
-501.479054899 280.742311505 262.91921198 152916
-501.479054899 -280.742311505 262.91921198 174761
7.60955376938 -574.664756761 262.91921198 185684
465.338152631 -337.487393127 262.653123313 218451
521.422809727 -280.742311505 220.739683853 218452
521.422809727 280.742311505 220.739683853 240297
465.338152631 337.487393127 262.653123313 240298
59.6035795895 571.738358092 262.653123313 283987
-17.5814311831 591.936555088 220.739683853 283988
-503.841378544 311.194243584 220.739683853 305833
-524.941732221 234.250964965 262.653123313 305834
-524.941732221 -234.250964965 262.653123313 349523
-503.841378544 -311.194243584 220.739683853 349524
-17.5814311831 -591.936555088 220.739683853 371369
59.6035795895 -571.738358092 262.653123313 371370
432.900215269 -347.45216194 302.156248956 436903
464.50540457 -367.650358936 220.208861538 436904
520.304458513 -311.194243584 178.508860317 436905
544.783926309 -234.250964965 218.542808275 436906
544.783926309 234.250964965 218.542808275 480595
520.304458513 311.194243584 178.508860317 480596
464.50540457 367.650358936 220.208861538 480597
432.900215269 347.45216194 302.156248956 480598
84.4522912049 548.628664697 302.156248956 567975
86.1418482641 586.09866002 220.208861538 567976
9.34989119827 606.194000567 178.508860317 567977
-69.5246766335 588.922202239 218.542808275 567978
-475.259249675 354.671237274 218.542808275 611667
-529.654349712 294.999756983 178.508860317 611668
-550.647252834 218.448301085 220.208861538 611669
-517.352506474 201.176502757 302.156248956 611670
-517.352506474 -201.176502757 302.156248956 699047
-550.647252834 -218.448301085 220.208861538 699048
-529.654349712 -294.999756983 178.508860317 699049
-475.259249675 -354.671237274 218.542808275 699050
-69.5246766335 -588.922202239 218.542808275 742739
9.34989119827 -606.194000567 178.508860317 742740
86.1418482641 -586.09866002 220.208861538 742741
84.4522912049 -548.628664697 302.156248956 742742
399.794715436 -387.529152391 299.013948766 873808
431.238959798 -407.624492937 217.483866782 873809
542.552918926 -294.999756983 134.296215674 873812
566.907728508 -218.448301085 174.126296437 873813
540.472771125 -201.176502757 258.5366481 873814
540.472771125 201.176502757 258.5366481 961191
566.907728508 218.448301085 174.126296437 961192
542.552918926 294.999756983 134.296215674 961193
431.238959798 407.624492937 217.483866782 961196
399.794715436 387.529152391 299.013948766 961197
135.71273296 539.996956062 299.013948766 1135952
137.393686189 577.276140755 217.483866782 1135953
-15.7991758057 617.364489179 134.296215674 1135956
-94.2720861014 600.180645032 174.126296437 1135957
-96.0124235303 568.651401227 258.5366481 1135958
-444.460347595 367.474898469 258.5366481 1223335
-472.635642407 381.732343948 174.126296437 1223336
-526.753743121 322.364732196 134.296215674 1223337
-568.632645987 169.651647818 217.483866782 1223340
-535.507448395 152.467803671 299.013948766 1223341
-535.507448395 -152.467803671 299.013948766 1398096
-568.632645987 -169.651647818 217.483866782 1398097
-526.753743121 -322.364732196 134.296215674 1398100
-472.635642407 -381.732343948 174.126296437 1398101
-444.460347595 -367.474898469 258.5366481 1398102
-96.0124235303 -568.651401227 258.5366481 1485479
-94.2720861014 -600.180645032 174.126296437 1485480
-15.7991758057 -617.364489179 134.296215674 1485481
137.393686189 -577.276140755 217.483866782 1485484
135.71273296 -539.996956062 299.013948766 1485485
363.116397386 -393.751133231 335.455700546 1747617
425.84476076 -433.839481655 172.810716942 1747620
536.022117449 -322.364732196 90.4724767078 1747625
584.607713203 -169.651647818 169.929809204 1747628
558.307372087 -152.467803671 253.910313138 1747629
558.307372087 152.467803671 253.910313138 1922384
584.607713203 169.651647818 169.929809204 1922385
536.022117449 322.364732196 90.4724767078 1922388
425.84476076 433.839481655 172.810716942 1922393
363.116397386 393.751133231 335.455700546 1922396
159.440285454 511.343591282 335.455700546 2271905
162.793631898 585.712121715 172.810716942 2271908
11.1649886416 625.391136799 90.4724767078 2271913
-145.381219797 591.110954791 169.929809204 2271916
-147.112694805 559.742269182 253.910313138 2271917
-411.194677281 407.274465512 253.910313138 2446672
-439.226493406 421.459306973 169.929809204 2446673
-547.187106091 303.026404603 90.4724767078 2446676
-588.638392658 151.872640059 172.810716942 2446681
-522.55668284 117.592458051 335.455700546 2446684
-522.55668284 -117.592458051 335.455700546 2796193
-588.638392658 -151.872640059 172.810716942 2796196
-547.187106091 -303.026404603 90.4724767078 2796201
-439.226493406 -421.459306973 169.929809204 2796204
-411.194677281 -407.274465512 253.910313138 2796205
-147.112694805 -559.742269182 253.910313138 2970960
-145.381219797 -591.110954791 169.929809204 2970961
11.1649886416 -625.391136799 90.4724767078 2970964
162.793631898 -585.712121715 172.810716942 2970969
159.440285454 -511.343591282 335.455700546 2970972
326.125881047 -429.849564773 329.082453765 3495236
388.213738851 -469.528579857 168.098202442 3495241
453.744475688 -419.946840265 131.090053531 3495242
507.276112737 -365.78484176 91.0845485521 3495251
552.778087652 -303.026404603 45.1152294171 3495252
600.867586536 -151.872640059 123.761240505 3495257
548.400835055 -117.592458051 291.294589583 3495260
548.400835055 117.592458051 291.294589583 3844769
600.867586536 151.872640059 123.761240505 3844772
552.778087652 303.026404603 45.1152294171 3844777
507.276112737 365.78484176 91.0845485521 3844778
453.744475688 419.946840265 131.090053531 3844787
388.213738851 469.528579857 168.098202442 3844788
326.125881047 429.849564773 329.082453765 3844793
209.197702375 497.358080205 329.082453765 4543812
212.516808534 570.967249872 168.098202442 4543817
136.812394064 602.927662905 131.090053531 4543818
63.1409089146 622.206421243 91.0845485521 4543827
-13.9604794223 630.233068863 45.1152294171 4543828
-168.908228837 596.302914281 123.761240505 4543833
-172.362361562 533.72528364 291.294589583 4543836
-376.038473494 416.132825589 291.294589583 4893345
-431.959357699 444.430274221 123.761240505 4893348
-538.81760823 327.20666426 45.1152294171 4893353
-570.417021652 256.421579484 91.0845485521 4893354
-590.556869752 182.98082264 131.090053531 4893363
-600.730547385 101.438670015 168.098202442 4893364
-535.323583422 67.508515432 329.082453765 4893369
-535.323583422 -67.508515432 329.082453765 5592388
-600.730547385 -101.438670015 168.098202442 5592393
-590.556869752 -182.98082264 131.090053531 5592394
-570.417021652 -256.421579484 91.0845485521 5592403
-538.81760823 -327.20666426 45.1152294171 5592404
-431.959357699 -444.430274221 123.761240505 5592409
-376.038473494 -416.132825589 291.294589583 5592412
-172.362361562 -533.72528364 291.294589583 5941921
-168.908228837 -596.302914281 123.761240505 5941924
-13.9604794223 -630.233068863 45.1152294171 5941929
63.1409089146 -622.206421243 91.0845485521 5941930
136.812394064 -602.927662905 131.090053531 5941939
212.516808534 -570.967249872 168.098202442 5941940
209.197702375 -497.358080205 329.082453765 5941945
326.00205171 -459.542189338 286.299910058 6990474
356.168546615 -478.820947677 208.082835592 6990483
378.674062505 -491.143295005 121.689022341 6990484
443.871093369 -441.81404338 84.8693321728 6990485
495.432463176 -389.645512988 46.3362562167 6990504
540.702725744 -327.20666426 0.601029311613 6990505
575.979531934 -256.421579484 43.8126964335 6990506
599.344674078 -182.98082264 82.0242659203 6990515
612.53070661 -101.438670015 118.069173307 6990516
560.599681629 -67.508515432 283.891876074 6990521
560.599681629 67.508515432 283.891876074 7689540
612.53070661 101.438670015 118.069173307 7689545
599.344674078 182.98082264 82.0242659203 7689546
575.979531934 256.421579484 43.8126964335 7689555
540.702725744 327.20666426 0.601029311613 7689556
495.432463176 389.645512988 46.3362562167 7689557
443.871093369 441.81404338 84.8693321728 7689576
378.674062505 491.143295005 121.689022341 7689577
356.168546615 478.820947677 208.082835592 7689578
326.00205171 459.542189338 286.299910058 7689587
231.048018265 463.568045404 362.140139361 9087625
234.974184223 512.097153136 286.299910058 9087626
236.586831245 547.861483236 208.082835592 9087635
236.00553912 573.513005386 121.689022341 9087636
160.686638631 605.310664553 84.8693321728 9087637
89.7266811304 623.879855463 46.3362562167 9087656
13.0179206649 631.86562852 0.601029311614 9087657
-65.9221640554 627.023696456 43.8126964335 9087658
-141.206296228 610.538124695 82.0242659203 9087667
-218.416888146 581.18648753 118.069173307 9087668
-221.835751479 519.247823361 283.891876074 9087673
-338.763930151 451.739307929 283.891876074 9786692
-394.113818464 479.747817515 118.069173307 9786697
-458.138377851 427.557302055 82.0242659203 9786698
-510.057367878 370.602116972 43.8126964335 9786707
-553.720646409 304.65896426 0.601029311614 9786708
-585.159144306 234.234342476 46.3362562167 9786709
-604.557732 163.496621174 84.8693321728 9786728
-614.679601625 82.369710381 121.689022341 9786729
-592.75537786 69.0405355588 208.082835592 9786730
-560.976235933 52.5549637975 286.299910058 9786739
-516.985712835 -31.6905693904 362.140139361 11184777
-560.976235933 -52.5549637975 286.299910058 11184778
-592.75537786 -69.0405355588 208.082835592 11184787
-614.679601625 -82.369710381 121.689022341 11184788
-604.557732 -163.496621174 84.8693321728 11184789
-585.159144306 -234.234342476 46.3362562167 11184808
-553.720646409 -304.65896426 0.601029311614 11184809
-510.057367878 -370.602116972 43.8126964335 11184810
-458.138377851 -427.557302055 82.0242659203 11184819
-394.113818464 -479.747817515 118.069173307 11184820
-338.763930151 -451.739307929 283.891876074 11184825
-221.835751479 -519.247823361 283.891876074 11883844
-218.416888146 -581.18648753 118.069173307 11883849
-141.206296228 -610.538124695 82.0242659203 11883850
-65.9221640554 -627.023696456 43.8126964335 11883859
13.0179206649 -631.86562852 0.601029311614 11883860
89.7266811304 -623.879855463 46.3362562167 11883861
160.686638631 -605.310664553 84.8693321728 11883880
236.00553912 -573.513005386 121.689022341 11883881
236.586831245 -547.861483236 208.082835592 11883882
234.974184223 -512.097153136 286.299910058 11883891
231.048018265 -463.568045404 362.140139361 11883892
314.746863622 -509.68071058 201.454672575 13980968
337.137773369 -521.940308104 115.50080755 13980969
551.890300184 -304.65896426 -44.9890215347 13981012
586.987464247 -234.234342476 -1.99740369139 13981013
609.49263691 -163.496621174 34.807763753 13981032
622.611521443 -82.369710381 70.6691175671 13981033
607.874560568 -69.0405355588 158.57466085 13981034
582.642944341 -52.5549637975 239.142583389 13981043
545.04571695 31.6905693904 318.347097122 15379081
582.642944341 52.5549637975 239.142583389 15379082
607.874560568 69.0405355588 158.57466085 15379091
622.611521443 82.369710381 70.6691175671 15379092
609.49263691 163.496621174 34.807763753 15379093
586.987464247 234.234342476 -1.99740369139 15379112
551.890300184 304.65896426 -44.9890215347 15379113
337.137773369 521.940308104 115.50080755 15379156
314.746863622 509.68071058 201.454672575 15379157
-12.1027475524 630.280502192 -44.9890215347 18175316
-90.6408411011 625.463226979 -1.99740369139 18175317
-163.154091086 609.58441757 34.807763753 18175336
-239.971499029 580.382249449 70.6691175671 18175337
-244.146422599 560.955079546 158.57466085 18175338
-245.807538427 530.861073034 239.142583389 18175347
-299.967696628 456.178152407 318.347097122 19573385
-336.835405914 478.306109236 239.142583389 19573386
-363.728137969 491.914543987 158.57466085 19573395
-382.640022414 498.012539068 70.6691175671 19573396
-446.338545824 446.087796397 34.807763753 19573397
-496.346623146 391.228884503 -1.99740369139 19573416
-539.787552632 325.621537932 -44.9890215347 19573417
-620.582452761 30.9997222606 115.50080755 19573460
-598.769874992 17.7384243684 201.454672575 19573461
-539.787552632 -325.621537932 -44.9890215347 22369620
-496.346623146 -391.228884503 -1.99740369139 22369621
-446.338545824 -446.087796397 34.807763753 22369640
-382.640022414 -498.012539068 70.6691175671 22369641
-363.728137969 -491.914543987 158.57466085 22369642
-336.835405914 -478.306109236 239.142583389 22369651
-245.078020323 -487.868721798 318.347097122 23767689
-245.807538427 -530.861073034 239.142583389 23767690
-244.146422599 -560.955079546 158.57466085 23767699
-239.971499029 -580.382249449 70.6691175671 23767700
-163.154091086 -609.58441757 34.807763753 23767701
-90.6408411011 -625.463226979 -1.99740369139 23767720
-12.1027475524 -630.280502192 -44.9890215347 23767721
323.952926896 -538.396038865 67.8837719222 27961940
534.251063445 -325.621537932 -89.2771820931 27962025
627.984855117 -30.9997222606 64.015927424 27962068
613.322940122 -17.7384243684 151.473824211 27962069
534.251063445 325.621537932 -89.2771820931 30758228
323.952926896 538.396038865 67.8837719222 30758313
14.8709921457 625.485761908 -89.2771820931 36350633
-287.14588057 559.350698853 64.015927424 36350676
-291.299543935 540.022459054 151.473824211 36350677
-549.122055591 299.864223977 -89.2771820931 39146836
-628.241110402 11.3534448902 67.8837719222 39146921
-549.122055591 -299.864223977 -89.2771820931 44739241
-340.838974546 -528.350976593 64.015927424 44739284
-322.023396187 -522.284034685 151.473824211 44739285
14.8709921457 -625.485761908 -89.2771820931 47535444
279.050127247 -563.793439689 60.7616972013 55923881
352.371511518 -523.970958054 26.697434078 55923882
505.514077575 -369.025062675 -87.7497606367 55924051
539.907617228 -299.864223977 -134.183501364 55924052
631.697185492 -11.3534448902 15.9300072186 55924137
539.907617228 299.864223977 -134.183501364 61516457
505.514077575 369.025062675 -87.7497606367 61516458
352.371511518 523.970958054 26.697434078 61516627
279.050127247 563.793439689 60.7616972013 61516628
66.828040122 622.300564488 -87.7497606367 72701267
-10.2637729641 617.505824204 -134.183501364 72701268
-306.016221051 552.742532581 15.9300072186 72701353
-529.643844264 317.641600228 -134.183501364 78293673
-572.342117697 253.275501813 -87.7497606367 78293674
-629.957916279 43.1772015179 26.697434078 78293843
-627.784504881 -40.2322207196 60.7616972013 78293844
-572.342117697 -253.275501813 -87.7497606367 89478483
-529.643844264 -317.641600228 -134.183501364 89478484
-325.680964442 -541.389087691 15.9300072186 89478569
-10.2637729641 -617.505824204 -134.183501364 95070889
66.828040122 -622.300564488 -87.7497606367 95070890
262.794573351 -574.636427046 12.4895527904 111847764
335.742578885 -535.016735744 -21.4012429103 111847765
393.830225006 -493.163604158 33.3378674383 111847766
494.562667463 -391.244987459 -41.9419567987 111848103
482.579984506 -386.450247176 -131.136436628 111848104
516.798379943 -317.641600228 -177.333720124 111848105
563.174602552 -253.275501813 -134.572981022 111848106
630.01727768 -43.1772015179 -25.2578521234 111848275
630.655767254 40.2322207196 8.86970375594 111848276
563.174602552 253.275501813 -134.572981022 123032915
516.798379943 317.641600228 -177.333720124 123032916
482.579984506 386.450247176 -131.136436628 123032917
494.562667463 391.244987459 -41.9419567987 123032918
393.830225006 493.163604158 33.3378674383 123033255
335.742578885 535.016735744 -21.4012429103 123033256
262.794573351 574.636427046 12.4895527904 123033257
91.5467645116 623.926327516 -41.9419567987 145402535
93.3857390999 611.151649528 -131.136436628 145402536
16.6865051245 606.381325779 -177.333720124 145402537
-62.2442825499 614.361263483 -134.572981022 145402538
-277.616085461 567.199568053 -25.2578521234 145402707
-350.170008821 526.047805126 8.86970375595 145402708
-500.930320003 361.08576167 -134.572981022 156587347
-533.484885067 288.739725551 -177.333720124 156587348
-575.965723606 224.701402352 -131.136436628 156587349
-586.109431974 232.681340057 -41.9419567987 156587350
-624.007321926 94.4851775544 33.3378674383 156587687
-631.209374046 23.2532345742 -21.4012429103 156587688
-629.047030437 -59.7314370249 12.4895527904 156587689
-586.109431974 -232.681340057 -41.9419567987 178956967
-575.965723606 -224.701402352 -131.136436628 178956968
-533.484885067 -288.739725551 -177.333720124 178956969
-500.930320003 -361.08576167 -134.572981022 178956970
-352.401192219 -524.022366535 -25.2578521234 178957139
-280.485758433 -566.280025845 8.86970375595 178957140
-62.2442825499 -614.361263483 -134.572981022 190141779
16.6865051245 -606.381325779 -177.333720124 190141780
93.3857390999 -611.151649528 -131.136436628 190141781
91.5467645116 -623.926327516 -41.9419567987 190141782
215.132506508 -594.236535437 4.99445648092 223695529
360.657040217 -515.198910483 -62.6145508559 223695532
418.448883249 -473.558910027 -8.1541916536 223695533
448.811269938 -426.006621184 -128.494368295 223696209
517.073808492 -288.739725551 -220.653682181 223696212
563.213866773 -224.701402352 -178.110696071 223696213
580.666550276 -232.681340057 -90.05415804 223696214
624.633594183 -94.4851775544 -18.1500479352 223696551
627.304506321 -23.2532345742 -73.2962716033 223696552
627.939744478 59.7314370249 -39.3425054559 223696553
580.666550276 232.681340057 -90.05415804 246065831
563.213866773 224.701402352 -178.110696071 246065832
517.073808492 288.739725551 -220.653682181 246065833
448.811269938 426.006621184 -128.494368295 246065836
460.732932783 430.776944934 -39.754098688 246065837
360.657040217 515.198910483 -62.6145508559 246066513
215.132506508 594.236535437 4.99445648092 246066516
142.697311285 614.394896617 -39.754098688 290805072
144.526921157 601.685271864 -128.494368295 290805073
-8.48096683674 592.168916561 -220.653682181 290805076
-87.0098106835 600.108217566 -178.110696071 290805077
-88.8253236623 619.212653695 -90.05415804 290805078
-230.490233049 588.191149397 -18.1500479352 290805415
-293.514361299 554.88825567 -73.2962716033 290805416
-365.698814107 513.946052252 -39.3425054559 290805417
-491.841226613 386.531313638 -90.05415804 313174695
-476.20405609 375.406815213 -178.110696071 313174696
-508.592841655 303.42919101 -220.653682181 313174697
-593.338191095 175.678650679 -128.494368295 313174700
-603.430244069 183.617951684 -39.754098688 313174701
-626.503864589 54.7387036395 -62.6145508559 313175377
-622.190188799 -110.808051903 4.99445648092 313175380
-603.430244069 -183.617951684 -39.754098688 357913936
-593.338191095 -175.678650679 -128.494368295 357913937
-508.592841655 -303.42919101 -220.653682181 357913940
-476.20405609 -375.406815213 -178.110696071 357913941
-491.841226613 -386.531313638 -90.05415804 357913942
-394.143361135 -493.705971843 -18.1500479352 357914279
-333.790145022 -531.635021096 -73.2962716033 357914280
-262.240930371 -573.677489277 -39.3425054559 357914281
-88.8253236623 -619.212653695 -90.05415804 380283559
-87.0098106835 -600.108217566 -178.110696071 380283560
-8.48096683674 -592.168916561 -220.653682181 380283561
144.526921157 -601.685271864 -128.494368295 380283564
142.697311285 -614.394896617 -39.754098688 380283565
340.481791414 -520.89661413 -110.285389345 447391065
455.771180725 -437.828659007 -1.64200258606 447391068
438.148610822 -447.936375474 -82.4790783281 447392419
421.134199169 -439.294484456 -170.558911281 447392420
488.699723902 -303.42919101 -261.777206612 447392425
580.74487877 -175.678650679 -176.907878506 447392428
598.10868696 -183.617951684 -89.2997558907 447392429
619.221865869 -54.7387036395 -113.982258065 447393105
620.489107323 110.808051903 -46.2476305032 447393108
598.10868696 183.617951684 -89.2997558907 492131664
580.74487877 175.678650679 -176.907878506 492131665
488.699723902 303.42919101 -261.777206612 492131668
421.134199169 439.294484456 -170.558911281 492131673
444.916815484 448.810839758 6.46973071131 492131676
402.073560826 484.436226994 -55.519308895 492133027
340.481791414 520.89661413 -110.285389345 492133028
169.873083697 584.36015711 -170.558911281 581610148
18.4275257134 574.940971226 -261.777206612 581610153
-138.230264994 590.779143472 -176.907878506 581610156
-140.036532731 609.786292974 -89.2997558907 581610157
-262.205825012 563.631218241 -113.982258065 581610833
-406.207141553 481.955303762 -46.2476305032 581610836
-458.072154229 426.16834129 -89.2997558907 626349392
-442.514613776 415.100492793 -176.907878506 626349393
-507.127249615 271.511780217 -261.777206612 626349396
-591.007282866 145.065672655 -170.558911281 626349401
-611.139996466 160.903844901 6.46973071131 626349404
-620.570859504 105.987804368 -55.519308895 626350755
-621.350596289 34.4175738257 -110.285389345 626350756
-591.007282866 -145.065672655 -170.558911281 715827876
-507.127249615 -271.511780217 -261.777206612 715827881
-442.514613776 -415.100492793 -176.907878506 715827884
-458.072154229 -426.16834129 -89.2997558907 715827885
-357.016040857 -508.892514602 -113.982258065 715828561
-214.28196577 -592.763355665 -46.2476305032 715828564
-140.036532731 -609.786292974 -89.2997558907 760567120
-138.230264994 -590.779143472 -176.907878506 760567121
18.4275257134 -574.940971226 -261.777206612 760567124
169.873083697 -584.36015711 -170.558911281 760567129
295.49482087 -546.38312829 -116.500162913 894782131
361.825802811 -495.802619541 -150.618228898 894782132
427.366784519 -412.958307163 -215.051314888 894784842
460.194701759 -346.945727128 -259.371353276 894784851
483.853393561 -271.511780217 -302.640457875 894784852
574.958695527 -145.065672655 -218.637711878 894784857
609.597889179 -160.903844901 -43.8675985708 894784860
613.893156474 -105.987804368 -106.422637439 894786211
610.161335972 -34.4175738258 -161.066988227 894786212
574.958695527 145.065672655 -218.637711878 984263332
483.853393561 271.511780217 -302.640457875 984263337
460.194701759 346.945727128 -259.371353276 984263338
427.366784519 412.958307163 -215.051314888 984263347
382.935410835 474.44443546 -166.393956588 984263348
295.49482087 546.38312829 -116.500162913 984266058
219.413228375 568.854011522 -166.393956588 1163220297
143.948992447 576.589645709 -215.051314888 1163220298
70.3664625476 572.013165975 -259.371353276 1163220307
-6.7905976865 554.78522064 -302.640457875 1163220308
-161.848790028 570.46167278 -218.637711878 1163220313
-165.452127339 608.379180573 -43.8675985708 1163220316
-215.158447163 584.6409709 -106.422637439 1163221667
-275.274174716 545.624004272 -161.066988227 1163221668
-413.109905499 425.396000126 -218.637711878 1252698788
-477.062795875 283.273440423 -302.640457875 1252698793
-530.561164307 225.067438847 -259.371353276 1252698794
-571.315776966 163.631338546 -215.051314888 1252698803
-602.348639211 94.4095760619 -166.393956588 1252698804
-620.929079734 -17.2855425854 -116.500162913 1252701514
-602.348639211 -94.4095760619 -166.393956588 1431655753
-571.315776966 -163.631338546 -215.051314888 1431655754
-530.561164307 -225.067438847 -259.371353276 1431655763
-477.062795875 -283.273440423 -302.640457875 1431655764
-413.109905499 -425.396000126 -218.637711878 1431655769
-444.14576184 -447.475335672 -43.8675985708 1431655772
-398.734709311 -478.653166532 -106.422637439 1431657123
-334.887161256 -511.206430446 -161.066988227 1431657124
-161.848790028 -570.46167278 -218.637711878 1521134244
-6.7905976865 -554.78522064 -302.640457875 1521134249
70.3664625476 -572.013165975 -259.371353276 1521134250
143.948992447 -576.589645709 -215.051314888 1521134259
219.413228375 -568.854011522 -166.393956588 1521134260
270.912188886 -566.04215235 -75.0124501399 1789564263
338.074152316 -496.322926716 -196.96045276 1789564265
395.368842981 -421.906194117 -255.152192555 1789569685
426.988507054 -358.323250672 -297.84100267 1789569704
450.526720328 -283.273440423 -340.889765498 1789569705
507.40582706 -225.067438847 -302.172094404 1789569706
551.670965603 -163.631338546 -261.357859565 1789569715
586.604451187 -94.4095760619 -215.420634564 1789569716
609.22958599 17.2855425854 -167.225959625 1789572426
586.604451187 94.4095760619 -215.420634564 1968526665
551.670965603 163.631338546 -261.357859565 1968526666
507.40582706 225.067438847 -302.172094404 1968526675
450.526720328 283.273440423 -340.889765498 1968526676
426.988507054 358.323250672 -297.84100267 1968526677
395.368842981 421.906194117 -255.152192555 1968526696
351.163729758 483.079213037 -206.742614943 1968526697
270.912188886 566.04215235 -75.0124501399 1968532118
242.777005651 545.656317377 -206.742614943 2326440596
167.697060628 553.352558945 -255.152192555 2326440597
96.8227843217 548.944519569 -297.84100267 2326440616
20.0586354602 531.804305099 -340.889765498 2326440617
-58.7887939242 551.960055686 -302.172094404 2326440618
-134.126586765 559.576740016 -261.357859565 2326440627
-211.541134363 555.219144732 -215.420634564 2326440628
-319.584511992 518.965526911 -167.225959625 2326443338
-375.063316823 460.80956867 -215.420634564 2505397577
-417.544378838 395.945401469 -261.357859565 2505397578
-448.617033136 326.892616839 -302.172094404 2505397587
-470.585355788 248.530864676 -340.889765498 2505397588
-523.811291376 190.621268897 -297.84100267 2505397589
-563.06590361 131.446364828 -255.152192555 2505397608
-593.94073541 62.5771043396 -206.742614943 2505397609
-625.662977991 -48.4042384045 -75.0124501399 2505403030
-593.94073541 -62.5771043396 -206.742614943 2863311508
-563.06590361 -131.446364828 -255.152192555 2863311509
-523.811291376 -190.621268897 -297.84100267 2863311528
-470.585355788 -248.530864676 -340.889765498 2863311529
-448.617033136 -326.892616839 -302.172094404 2863311530
-417.544378838 -395.945401469 -261.357859565 2863311539
-375.063316823 -460.80956867 -215.420634564 2863311540
-289.645073998 -536.251069497 -167.225959625 2863314250
-211.541134363 -555.219144732 -215.420634564 3042268489
-134.126586765 -559.576740016 -261.357859565 3042268490
-58.7887939242 -551.960055686 -302.172094404 3042268499
20.0586354602 -531.804305099 -340.889765498 3042268500
96.8227843217 -548.944519569 -297.84100267 3042268501
167.697060628 -553.352558945 -255.152192555 3042268520
242.777005651 -545.656317377 -206.742614943 3042268521
223.040871077 -585.863798738 -80.2519729215 3579128528
440.922191943 -248.530864676 -378.475930483 3579139412
497.511649902 -190.621268897 -339.955423631 3579139413
540.147580797 -131.446364828 -300.643383651 3579139432
574.903172566 -62.5771043396 -254.940087445 3579139433
617.363110708 48.4042384045 -126.268837173 3579144854
574.903172566 62.5771043396 -254.940087445 3937053332
540.147580797 131.446364828 -300.643383651 3937053333
497.511649902 190.621268897 -339.955423631 3937053352
440.922191943 248.530864676 -378.475930483 3937053353
309.226645797 513.353110835 -200.677515247 3937053396
223.040871077 585.863798738 -80.2519729215 3937064237
-5.22705353797 506.115251653 -378.475930483 4652881236
-83.6729635849 526.168361942 -339.955423631 4652881237
-156.237899222 533.504709177 -300.643383651 4652881256
-233.25822423 529.169304328 -254.940087445 4652881257
-350.600855463 510.45001803 -126.268837173 4652886678
-341.644948336 466.592199988 -254.940087445 5010795156
-383.909681575 402.058344349 -300.643383651 5010795157
-413.838686317 335.547093046 -339.955423631 5010795176
-435.695138405 257.584386977 -378.475930483 5010795177
-599.190157993 11.1215753699 -200.677515247 5010795220
-618.893368403 -99.7728389342 -80.2519729215 5010806061
-435.695138405 -257.584386977 -378.475930483 5726623060
-413.838686317 -335.547093046 -339.955423631 5726623061
-383.909681575 -402.058344349 -300.643383651 5726623080
-341.644948336 -466.592199988 -254.940087445 5726623081
-266.762255245 -558.854256435 -126.268837173 5726628502
-233.25822423 -529.169304328 -254.940087445 6084536980
-156.237899222 -533.504709177 -300.643383651 6084536981
-83.6729635849 -526.168361942 -339.955423631 6084537000
-5.22705353797 -506.115251653 -378.475930483 6084537001
403.055941714 -257.584386977 -413.061970453 7158278825
580.634115591 -11.1215753699 -249.327764947 7158278868
610.185111599 99.7728389342 -130.933227996 7158289709
403.055941714 257.584386977 -413.061970453 7874106708
21.5466518839 477.848878159 -413.061970453 9305762473
-280.685490995 508.40468209 -249.327764947 9305762516
-391.498368924 478.549388189 -130.933227996 9305773357
-424.602593598 220.264491182 -413.061970453 10021590356
-424.602593598 -220.264491182 -413.061970453 11453246121
-299.948624596 -497.283106721 -249.327764947 11453246164
-218.686742675 -578.322227123 -130.933227996 11453257005
21.5466518839 -477.848878159 -413.061970453 12169074004
374.98704837 -301.33438125 -409.885720941 14316557651
389.153574532 -220.264491182 -446.61734108 14316557652
389.153574532 220.264491182 -446.61734108 15748213417
374.98704837 301.33438125 -409.885720941 15748213418
73.469705011 475.415500604 -409.885720941 18611524947
-3.82214235136 447.149127109 -446.61734108 18611524948
-385.331432181 226.884635928 -446.61734108 20043180713
-448.456753381 174.081119354 -409.885720941 20043180714
-448.456753381 -174.081119354 -409.885720941 22906492243
-385.331432181 -226.884635928 -446.61734108 22906492244
-3.82214235136 -447.149127109 -446.61734108 24338148009
73.469705011 -475.415500604 -409.885720941 24338148010
384.92734211 -335.808062588 -372.139606058 28633115303
333.158724699 -307.541689093 -440.281016655 28633115304
347.253109838 -226.884635928 -476.825586234 28633115305
413.188253412 -174.081119354 -445.415795776 28633115306
413.188253412 174.081119354 -445.415795776 31496426835
347.253109838 226.884635928 -476.825586234 31496426836
333.158724699 307.541689093 -440.281016655 31496426837
384.92734211 335.808062588 -372.139606058 31496426838
98.3546419415 501.260888172 -372.139606058 37223049895
99.7595531281 442.294763628 -440.281016655 37223049896
22.8613035227 414.172332627 -476.825586234 37223049897
-55.8354550263 444.872083677 -445.415795776 37223049898
-357.352798385 270.790964323 -445.415795776 40086361427
-370.114413361 187.287696699 -476.825586234 40086361428
-432.918277827 134.753074535 -440.281016655 40086361429
-483.281984051 165.452825585 -372.139606058 40086361430
-483.281984051 -165.452825585 -372.139606058 45812984487
-432.918277827 -134.753074535 -440.281016655 45812984488
-370.114413361 -187.287696699 -476.825586234 45812984489
-357.352798385 -270.790964323 -445.415795776 45812984490
-55.8354550263 -444.872083677 -445.415795776 48676296019
22.8613035227 -414.172332627 -476.825586234 48676296020
99.7595531281 -442.294763628 -440.281016655 48676296021
98.3546419415 -501.260888172 -372.139606058 48676296022
352.988692644 -376.313499442 -364.98100362 57266230608
301.483699566 -348.191068441 -432.775413759 57266230609
329.60069619 -187.287696699 -505.678454886 57266230612
395.200074408 -134.753074535 -474.428614326 57266230613
451.002906283 -165.452825585 -410.664998545 57266230614
451.002906283 165.452825585 -410.664998545 62992853671
395.200074408 134.753074535 -474.428614326 62992853672
329.60069619 187.287696699 -505.678454886 62992853673
301.483699566 348.191068441 -432.775413759 62992853676
352.988692644 376.313499442 -364.98100362 62992853677
149.402703982 493.853924799 -364.98100362 74446099792
150.800460858 435.188076871 -432.775413759 74446099793
-2.6044449372 379.086424355 -505.678454886 74446099796
-80.9004514186 409.629841282 -474.428614326 74446099797
-82.2151030573 473.306386814 -410.664998545 74446099798
-368.787803226 307.853561229 -410.664998545 80172722855
-314.299622989 274.876766747 -474.428614326 80172722856
-326.996251253 191.798727656 -505.678454886 80172722857
-452.284160424 86.9970084307 -432.775413759 80172722860
-502.391396626 117.540425358 -364.98100362 80172722861
-502.391396626 -117.540425358 -364.98100362 91625968976
-452.284160424 -86.9970084307 -432.775413759 91625968977
-326.996251253 -191.798727656 -505.678454886 91625968980
-314.299622989 -274.876766747 -474.428614326 91625968981
-368.787803226 -307.853561229 -410.664998545 91625968982
-82.2151030573 -473.306386814 -410.664998545 97352592039
-80.9004514186 -409.629841282 -474.428614326 97352592040
-2.6044449372 -379.086424355 -505.678454886 97352592041
150.800460858 -435.188076871 -432.775413759 97352592044
149.402703982 -493.853924799 -364.98100362 97352592045
359.171253764 -407.160802849 -323.481206707 114532461217
256.423549471 -351.059150333 -458.724793579 114532461220
284.253449605 -191.798727656 -530.883437731 114532461225
415.118150523 -86.9970084307 -468.542891986 114532461228
470.636814401 -117.540425358 -405.103983364 114532461229
470.636814401 117.540425358 -405.103983364 125985707344
415.118150523 86.9970084307 -468.542891986 125985707345
284.253449605 191.798727656 -530.883437731 125985707348
256.423549471 351.059150333 -458.724793579 125985707353
359.171253764 407.160802849 -323.481206707 125985707356
173.025971811 514.631831494 -323.481206707 148892199585
175.814367684 397.598883137 -458.724793579 148892199588
23.9758457611 342.0700723 -530.883437731 148892199593
-132.217455907 403.00136814 -468.542891986 148892199596
-133.525412869 466.353649906 -405.103983364 148892199597
-337.111401532 348.813224548 -405.103983364 160345445712
-282.900694616 316.004359709 -468.542891986 160345445713
-308.229295366 150.271344644 -530.883437731 160345445716
-432.237917155 46.539732804 -458.724793579 160345445721
-532.197225575 107.471028644 -323.481206707 160345445724
-532.197225575 -107.471028644 -323.481206707 183251937953
-432.237917155 -46.539732804 -458.724793579 183251937956
-308.229295366 -150.271344644 -530.883437731 183251937961
-282.900694616 -316.004359709 -468.542891986 183251937964
-337.111401532 -348.813224548 -405.103983364 183251937965
-133.525412869 -466.353649906 -405.103983364 194705184080
-132.217455907 -403.00136814 -468.542891986 194705184081
23.9758457611 -342.0700723 -530.883437731 194705184084
175.814367684 -397.598883137 -458.724793579 194705184089
173.025971811 -514.631831494 -323.481206707 194705184092
323.606030901 -443.676508076 -312.816708226 229064922436
243.267886925 -313.263247579 -492.047632763 229064922442
256.789541082 -235.883726057 -527.107199128 229064922451
263.47507089 -150.271344644 -554.457762141 229064922452
393.003541027 -46.539732804 -492.753762046 229064922457
503.758147871 -107.471028644 -366.198998436 229064922460
503.758147871 107.471028644 -366.198998436 251971414689
393.003541027 46.539732804 -492.753762046 251971414692
263.47507089 150.271344644 -554.457762141 251971414697
256.789541082 235.883726057 -527.107199128 251971414698
243.267886925 313.263247579 -492.047632763 251971414707
323.606030901 443.676508076 -312.816708226 251971414713
222.432111606 502.089297617 -312.816708226 297784399172
149.659987013 367.307793792 -492.047632763 297784399178
75.8865285633 340.328129032 -527.107199128 297784399187
-1.59873352268 303.311776976 -554.457762141 297784399188
-156.19717962 363.620916709 -492.753762046 297784399193
-158.806432959 490.002867742 -366.198998436 297784399196
-344.951714913 382.531839098 -366.198998436 320690891425
-236.806361407 317.081183905 -492.753762046 320690891428
-261.876337367 153.040432333 -554.457762141 320690891433
-332.676069646 104.444402975 -527.107199128 320690891434
-392.927873938 54.0445462127 -492.047632763 320690891443
-546.038142507 58.4127895404 -312.816708226 320690891449
-546.038142507 -58.4127895404 -312.816708226 366503875908
-392.927873938 -54.0445462127 -492.047632763 366503875914
-332.676069646 -104.444402975 -527.107199128 366503875923
-261.876337367 -153.040432333 -554.457762141 366503875924
-236.806361407 -317.081183905 -492.753762046 366503875929
-344.951714913 -382.531839098 -366.198998436 366503875932
-158.806432959 -490.002867742 -366.198998436 389410368161
-156.19717962 -363.620916709 -492.753762046 389410368164
-1.59873352268 -303.311776976 -554.457762141 389410368169
75.8865285633 -340.328129032 -527.107199128 389410368170
149.659987013 -367.307793792 -492.047632763 389410368179
222.432111606 -502.089297617 -312.816708226 389410368185
326.311645657 -470.1910433 -268.076654539 458129844873
282.039357765 -449.158958852 -343.706314103 458129844874
195.663129149 -312.748361997 -513.155339015 458129844885
208.687109898 -238.216844851 -546.924514894 458129844904
215.338594594 -153.040432333 -574.135799049 458129844905
288.149749702 -104.444402975 -552.707054807 458129844906
351.083470925 -54.0445462127 -522.727064028 458129844915
518.430088012 -58.4127895404 -356.710232348 458129844921
518.430088012 58.4127895404 -356.710232348 503942829380
351.083470925 54.0445462127 -522.727064028 503942829386
288.149749702 104.444402975 -552.707054807 503942829395
215.338594594 153.040432333 -574.135799049 503942829396
208.687109898 238.216844851 -546.924514894 503942829397
195.663129149 312.748361997 -513.155339015 503942829416
282.039357765 449.158958852 -343.706314103 503942829427
101.958284301 299.836761039 -546.924514894 595568798376
24.8676049091 263.0089095 -574.135799049 595568798377
-53.6233685914 301.767204823 -552.707054807 595568798378
-128.737785507 331.069477777 -522.727064028 595568798387
-208.628084358 478.180021075 -356.710232348 595568798393
-309.802003654 419.767231534 -356.710232348 641381782852
-222.345685419 277.024931564 -522.727064028 641381782858
-234.52638111 197.322801848 -552.707054807 641381782867
-240.206199503 109.968477167 -574.135799049 641381782868
-310.645394199 61.6199161886 -546.924514894 641381782869
-368.679591056 13.0750594285 -513.155339015 641381782888
-530.002747586 19.6737692659 -343.706314103 641381782899
-310.645394199 -61.6199161886 -546.924514894 733007751848
-240.206199503 -109.968477167 -574.135799049 733007751849
-234.52638111 -197.322801848 -552.707054807 733007751850
-222.345685419 -277.024931564 -522.727064028 733007751859
-309.802003654 -419.767231534 -356.710232348 733007751865
-208.628084358 -478.180021075 -356.710232348 778820736324
-128.737785507 -331.069477777 -522.727064028 778820736330
-53.6233685914 -301.767204823 -552.707054807 778820736339
24.8676049091 -263.0089095 -574.135799049 778820736340
101.958284301 -299.836761039 -546.924514894 778820736341
287.436809317 -502.053007795 -254.454039098 916259689748
276.249579872 -418.097785799 -385.103117529 916259689750
192.121925281 -109.968477167 -591.962921014 916259689812
264.56229992 -61.6199161886 -570.64329961 916259689813
325.179703985 -13.0750594285 -541.766742184 916259689832
499.90597991 -19.6737692659 -386.174771383 916259689843
264.56229992 61.6199161886 -570.64329961 1007885658792
192.121925281 109.968477167 -591.962921014 1007885658793
276.249579872 418.097785799 -385.103117529 1007885658855
-0.825467797833 221.366706501 -591.962921014 1191137596756
-78.9167371619 259.927630709 -570.64329961 1191137596757
-151.266518372 288.151414161 -541.766742184 1191137596776
-232.915005983 442.768162739 -386.174771383 1191137596787
-185.645562759 198.30771452 -570.64329961 1282763565736
-191.296457483 111.398229333 -591.962921014 1282763565737
-500.208093704 30.1902610549 -385.103117529 1282763565799
-191.296457483 -111.398229333 -591.962921014 1466015503700
-185.645562759 -198.30771452 -570.64329961 1466015503701
-173.913185614 -275.076354732 -541.766742184 1466015503720
-266.990973928 -423.094393473 -386.174771383 1466015503731
-78.9167371619 -259.927630709 -570.64329961 1557641472680
-0.825467797833 -221.366706501 -591.962921014 1557641472681
231.839899601 -419.163854757 -412.281364869 1832519379501
141.910514149 -111.398229333 -605.702765782 1832519379625
466.804263058 -30.1902610549 -424.978032524 1832519379687
141.910514149 111.398229333 -605.702765782 2015771317588
231.839899601 419.163854757 -412.281364869 2015771317712
25.5184394648 178.597224983 -605.702765782 2382275193513
-207.256598509 419.35948093 -424.978032524 2382275193575
-167.428953614 67.1989956502 -605.702765782 2565527131476
-478.926496368 -8.80268471317 -412.281364869 2565527131600
-167.428953614 -67.1989956502 -605.702765782 2932031007401
-259.547664549 -389.169219876 -424.978032524 2932031007463
25.5184394648 -178.597224983 -605.702765782 3115282945364
115.171466811 -155.892655854 -601.545520375 3665038759251
116.992832071 -67.1989956502 -617.430945311 3665038759252
443.357320321 8.80268471317 -450.311891093 3665038759376
116.992832071 67.1989956502 -617.430945311 4031542635177
115.171466811 155.892655854 -601.545520375 4031542635178
-0.300378693838 134.91826246 -617.430945311 4764550387028
-229.302008744 379.557359995 -450.311891093 4764550387152
-116.692453378 67.7192668095 -617.430945311 5131054262953
-192.592733639 21.7950881224 -601.545520375 5131054262954
-116.692453378 -67.7192668095 -617.430945311 5864062014804
-214.055311577 -388.360044708 -450.311891093 5864062014928
-0.300378693838 -134.91826246 -617.430945311 6230565890729
138.779995407 -198.730748661 -583.669600383 7330077518503
65.4629924144 -67.7192668095 -624.942155345 7330077518505
142.413450884 -21.7950881224 -615.359555984 7330077518506
65.4629924144 67.7192668095 -624.942155345 8063085270356
138.779995407 198.730748661 -583.669600383 8063085270358
-52.3316254501 134.231210367 -615.359555984 9529100774058
-91.3781015899 22.8329810339 -624.942155345 10262108525908
-241.495874557 20.8216272292 -583.669600383 10262108525910
-90.0818254336 -112.436122245 -615.359555984 11728124029610
39.6161799606 -22.8329810339 -630.343726281 14660155037012
192.622300882 -20.8216272292 -601.570535384 14660155037014
-78.2790923123 177.226619514 -601.570535384 19058201548118
-39.5820315998 22.8921277298 -630.343726281 20524217051817
-114.343208569 -156.404992284 -601.570535384 23456248059222
