0.0 0.0 632.0 1
52.0769942809 0 632.0 2
-26.0384971404 45.1 632.0 3
-26.0384971404 -45.1 632.0 4
78.1154914213 -45.1 632.0 5
78.1154914213 45.1 632.0 6
1.06581410364e-14 90.2 632.0 7
-78.1154914213 45.1 632.0 8
-78.1154914213 -45.1 632.0 9
-2.84217094304e-14 -90.2 632.0 10
130.192485702 -45.1 632.0 12
130.192485702 45.1 632.0 13
-26.0384971404 135.3 632.0 16
-104.153988562 90.2 632.0 17
-104.153988562 -90.2 632.0 20
-26.0384971404 -135.3 632.0 21
156.230982843 -90.2 632.0 25
156.230982843 90.2 632.0 28
1.03028696685e-13 180.4 632.0 33
-156.230982843 90.2 632.0 36
-156.230982843 -90.2 632.0 41
-1.35003119794e-13 -180.4 632.0 44
130.192485702 -135.3 632.0 51
208.307977124 -90.2 632.0 52
208.307977124 90.2 632.0 57
130.192485702 135.3 632.0 58
52.0769942809 180.4 632.0 67
-26.0384971404 225.5 632.0 68
-182.269479983 135.3 632.0 73
-182.269479983 45.1 632.0 74
-182.269479983 -45.1 632.0 83
-182.269479983 -135.3 632.0 84
-26.0384971404 -225.5 632.0 89
52.0769942809 -180.4 632.0 90
156.230982843 -180.4 632.0 104
234.346474264 -135.3 632.0 105
234.346474264 -45.1 632.0 106
234.346474264 45.1 632.0 115
234.346474264 135.3 632.0 116
156.230982843 180.4 632.0 117
78.1154914213 225.5 632.0 136
2.52242671195e-13 270.6 632.0 137
-78.1154914213 225.5 632.0 138
-156.230982843 180.4 632.0 147
-234.346474264 135.3 632.0 148
-234.346474264 45.1 632.0 149
-234.346474264 -45.1 632.0 168
-234.346474264 -135.3 632.0 169
-156.230982843 -180.4 632.0 170
-78.1154914213 -225.5 632.0 179
-3.19744231092e-13 -270.6 632.0 180
78.1154914213 -225.5 632.0 181
286.423468545 -135.3 632.0 212
286.423468545 -45.1 632.0 213
286.423468545 45.1 632.0 232
286.423468545 135.3 632.0 233
-26.0384971404 315.7 632.0 276
-104.153988562 270.6 632.0 277
-182.269479983 225.5 632.0 296
-260.384971404 180.4 632.0 297
-260.384971404 -180.4 632.0 340
-182.269479983 -225.5 632.0 341
-104.153988562 -270.6 632.0 360
-26.0384971404 -315.7 632.0 361
312.461965685 -180.4 632.0 425
312.461965685 180.4 632.0 468
4.79616346638e-13 360.8 632.0 553
-312.461965685 180.4 632.0 596
-312.461965685 -180.4 632.0 681
-5.25801624462e-13 -360.8 632.0 724
286.423468545 -225.5 632.0 851
364.538959966 -180.4 632.0 852
364.538959966 180.4 632.0 937
286.423468545 225.5 632.0 938
52.0769942809 360.8 632.0 1107
-26.0384971404 405.9 632.0 1108
-338.500462826 225.5 632.0 1193
-338.500462826 135.3 632.0 1194
-338.500462826 -135.3 632.0 1363
-338.500462826 -225.5 632.0 1364
-26.0384971404 -405.9 632.0 1449
52.0769942809 -360.8 632.0 1450
234.346474264 -225.5 632.0 1703
312.461965685 -270.6 632.0 1704
390.577457107 -225.5 632.0 1705
390.577457107 -135.3 632.0 1706
390.577457107 135.3 632.0 1875
390.577457107 225.5 632.0 1876
312.461965685 270.6 632.0 1877
234.346474264 225.5 632.0 1878
78.1154914213 315.7 632.0 2215
78.1154914213 405.9 632.0 2216
7.42517158869e-13 451.0 632.0 2217
-78.1154914213 405.9 632.0 2218
-312.461965685 270.6 632.0 2387
-390.577457107 225.5 632.0 2388
-390.577457107 135.3 632.0 2389
-312.461965685 90.2 632.0 2390
-312.461965685 -90.2 632.0 2727
-390.577457107 -135.3 632.0 2728
-390.577457107 -225.5 632.0 2729
-312.461965685 -270.6 632.0 2730
-78.1154914213 -405.9 632.0 2899
-7.88702436694e-13 -451.0 632.0 2900
78.1154914213 -405.9 632.0 2901
78.1154914213 -315.7 632.0 2902
208.307977124 -270.6 632.0 3408
286.423468545 -315.7 632.0 3409
442.654451388 -225.5 632.0 3412
442.654451388 -135.3 632.0 3413
364.538959966 -90.2 632.0 3414
364.538959966 90.2 632.0 3751
442.654451388 135.3 632.0 3752
442.654451388 225.5 632.0 3753
286.423468545 315.7 632.0 3756
208.307977124 270.6 632.0 3757
130.192485702 405.9 632.0 4433
-26.0384971404 496.1 632.0 4436
-104.153988562 451.0 632.0 4437
-104.153988562 360.8 632.0 4438
-260.384971404 270.6 632.0 4775
-338.500462826 315.7 632.0 4776
-416.615954247 270.6 632.0 4777
-416.615954247 90.2 632.0 4780
-338.500462826 45.1 632.0 4781
-416.615954247 -90.2 632.0 5457
-416.615954247 -270.6 632.0 5460
-338.500462826 -315.7 632.0 5461
-260.384971404 -270.6 632.0 5462
-104.153988562 -360.8 632.0 5799
-104.153988562 -451.0 632.0 5800
-26.0384971404 -496.1 632.0 5801
130.192485702 -405.9 632.0 5804
156.230982843 -270.6 632.0 6817
312.461965685 -360.8 632.0 6820
468.692948528 -270.6 632.0 6825
468.692948528 -90.2 632.0 6828
390.577457107 -45.1 632.0 6829
468.692948528 90.2 632.0 7505
468.692948528 270.6 632.0 7508
312.461965685 360.8 632.0 7513
156.230982843 270.6 632.0 7516
156.230982843 360.8 632.0 8867
156.230982843 451.0 632.0 8868
1.09068309939e-12 541.2 632.0 8873
-156.230982843 451.0 632.0 8876
-156.230982843 360.8 632.0 8877
-312.461965685 360.8 632.0 9553
-468.692948528 270.6 632.0 9556
-468.692948528 90.2 632.0 9561
-312.461965685 4.19220214098e-13 632.0 9564
-390.577457107 -45.1 632.0 10915
-468.692948528 -90.2 632.0 10916
-468.692948528 -270.6 632.0 10921
-312.461965685 -360.8 632.0 10924
-234.346474264 -315.7 632.0 10925
-156.230982843 -451.0 632.0 11601
-1.13686837722e-12 -541.2 632.0 11604
156.230982843 -451.0 632.0 11609
156.230982843 -360.8 632.0 11610
286.423468545 -405.9 632.0 13641
364.538959966 -360.8 632.0 13642
442.654451388 -315.7 632.0 13651
520.769942809 -270.6 632.0 13652
520.769942809 -90.2 632.0 13657
364.538959966 -6.67910171614e-13 632.0 13660
442.654451388 45.1 632.0 15011
520.769942809 90.2 632.0 15012
520.769942809 270.6 632.0 15017
442.654451388 315.7 632.0 15018
364.538959966 360.8 632.0 15027
286.423468545 405.9 632.0 15028
130.192485702 496.1 632.0 17738
52.0769942809 541.2 632.0 17747
-26.0384971404 586.3 632.0 17748
-182.269479983 496.1 632.0 17753
-182.269479983 315.7 632.0 17756
-260.384971404 360.8 632.0 19107
-338.500462826 405.9 632.0 19108
-494.731445668 315.7 632.0 19113
-494.731445668 225.5 632.0 19114
-494.731445668 135.3 632.0 19123
-494.731445668 45.1 632.0 19124
-494.731445668 -135.3 632.0 21834
-494.731445668 -225.5 632.0 21843
-494.731445668 -315.7 632.0 21844
-338.500462826 -405.9 632.0 21849
-182.269479983 -315.7 632.0 21852
-182.269479983 -405.9 632.0 23203
-182.269479983 -496.1 632.0 23204
-26.0384971404 -586.3 632.0 23209
52.0769942809 -541.2 632.0 23210
130.192485702 -496.1 632.0 23219
312.461965685 -451.0 632.0 27284
390.577457107 -405.9 632.0 27285
468.692948528 -360.8 632.0 27304
546.808439949 -315.7 632.0 27305
546.808439949 -225.5 632.0 27306
546.808439949 -135.3 632.0 27315
546.808439949 -45.1 632.0 27316
546.808439949 135.3 632.0 30026
546.808439949 225.5 632.0 30035
546.808439949 315.7 632.0 30036
468.692948528 360.8 632.0 30037
390.577457107 405.9 632.0 30056
312.461965685 451.0 632.0 30057
156.230982843 541.2 632.0 35477
78.1154914213 586.3 632.0 35496
1.58095758707e-12 631.4 632.0 35497
-78.1154914213 586.3 632.0 35498
-156.230982843 541.2 632.0 35507
-234.346474264 496.1 632.0 35508
-390.577457107 405.9 632.0 38218
-468.692948528 360.8 632.0 38227
-546.808439949 315.7 632.0 38228
-546.808439949 225.5 632.0 38229
-546.808439949 135.3 632.0 38248
-546.808439949 45.1 632.0 38249
-546.808439949 -135.3 632.0 43669
-546.808439949 -225.5 632.0 43688
-546.808439949 -315.7 632.0 43689
-468.692948528 -360.8 632.0 43690
-390.577457107 -405.9 632.0 43699
-312.461965685 -451.0 632.0 43700
-156.230982843 -541.2 632.0 46410
-78.1154914213 -586.3 632.0 46419
-1.62714286489e-12 -631.4 632.0 46420
78.1154914213 -586.3 632.0 46421
156.230982843 -541.2 632.0 46440
598.88543423 -315.7 632.0 54612
598.88543423 -225.5 632.0 54613
598.88543423 -135.3 632.0 54632
598.88543423 -45.1 632.0 54633
598.88543423 135.3 632.0 60053
598.88543423 225.5 632.0 60072
598.88543423 315.7 632.0 60073
-26.0384971404 676.5 632.0 70996
-104.153988562 631.4 632.0 70997
-182.269479983 586.3 632.0 71016
-260.384971404 541.2 632.0 71017
-416.615954247 451.0 632.0 76437
-494.731445668 405.9 632.0 76456
-572.84693709 360.8 632.0 76457
-572.84693709 -360.8 632.0 87380
-494.731445668 -405.9 632.0 87381
-416.615954247 -451.0 632.0 87400
-338.500462826 -496.1 632.0 87401
-182.269479983 -586.3 632.0 92821
-104.153988562 -631.4 632.0 92840
-26.0384971404 -676.5 632.0 92841
624.923931371 -360.8 632.0 109225
624.923931371 360.8 632.0 120148
2.06412664738e-12 721.6 632.0 141993
-624.923931371 360.8 632.0 152916
-624.923931371 -360.8 632.0 174761
-2.25952589972e-12 -721.6 632.0 185684
598.88543423 -405.9 632.0 218451
677.000925652 -360.8 632.0 218452
677.000925652 360.8 632.0 240297
598.88543423 405.9 632.0 240298
52.0769942809 721.6 632.0 283987
-26.0384971404 766.7 632.0 283988
-650.962428511 405.9 632.0 305833
-650.962428511 315.7 632.0 305834
-650.962428511 -315.7 632.0 349523
-650.962428511 -405.9 632.0 349524
-26.0384971404 -766.7 632.0 371369
52.0769942809 -721.6 632.0 371370
546.808439949 -405.9 632.0 436903
624.923931371 -451.0 632.0 436904
703.039422792 -405.9 632.0 436905
703.039422792 -315.7 632.0 436906
703.039422792 315.7 632.0 480595
703.039422792 405.9 632.0 480596
624.923931371 451.0 632.0 480597
546.808439949 405.9 632.0 480598
78.1154914213 676.5 632.0 567975
78.1154914213 766.7 632.0 567976
2.5472957077e-12 811.8 632.0 567977
-78.1154914213 766.7 632.0 567978
-624.923931371 451.0 632.0 611667
-703.039422792 405.9 632.0 611668
-703.039422792 315.7 632.0 611669
-624.923931371 270.6 632.0 611670
-624.923931371 -270.6 632.0 699047
-703.039422792 -315.7 632.0 699048
-703.039422792 -405.9 632.0 699049
-624.923931371 -451.0 632.0 699050
-78.1154914213 -766.7 632.0 742739
-2.92033064397e-12 -811.8 632.0 742740
78.1154914213 -766.7 632.0 742741
78.1154914213 -676.5 632.0 742742
520.769942809 -451.0 632.0 873808
598.88543423 -496.1 632.0 873809
755.116417073 -405.9 632.0 873812
755.116417073 -315.7 632.0 873813
677.000925652 -270.6 632.0 873814
677.000925652 270.6 632.0 961191
755.116417073 315.7 632.0 961192
755.116417073 405.9 632.0 961193
598.88543423 496.1 632.0 961196
520.769942809 451.0 632.0 961197
130.192485702 676.5 632.0 1135952
130.192485702 766.7 632.0 1135953
-26.0384971404 856.9 632.0 1135956
-104.153988562 811.8 632.0 1135957
-104.153988562 721.6 632.0 1135958
-572.84693709 451.0 632.0 1223335
-650.962428511 496.1 632.0 1223336
-729.077919932 451.0 632.0 1223337
-729.077919932 270.6 632.0 1223340
-650.962428511 225.5 632.0 1223341
-650.962428511 -225.5 632.0 1398096
-729.077919932 -270.6 632.0 1398097
-729.077919932 -451.0 632.0 1398100
-650.962428511 -496.1 632.0 1398101
-572.84693709 -451.0 632.0 1398102
-104.153988562 -721.6 632.0 1485479
-104.153988562 -811.8 632.0 1485480
-26.0384971404 -856.9 632.0 1485481
130.192485702 -766.7 632.0 1485484
130.192485702 -676.5 632.0 1485485
468.692948528 -451.0 632.0 1747617
624.923931371 -541.2 632.0 1747620
781.154914213 -451.0 632.0 1747625
781.154914213 -270.6 632.0 1747628
703.039422792 -225.5 632.0 1747629
703.039422792 225.5 632.0 1922384
781.154914213 270.6 632.0 1922385
781.154914213 451.0 632.0 1922388
624.923931371 541.2 632.0 1922393
468.692948528 451.0 632.0 1922396
156.230982843 631.4 632.0 2271905
156.230982843 811.8 632.0 2271908
3.03046476802e-12 902.0 632.0 2271913
-156.230982843 811.8 632.0 2271916
-156.230982843 721.6 632.0 2271917
-546.808439949 496.1 632.0 2446672
-624.923931371 541.2 632.0 2446673
-781.154914213 451.0 632.0 2446676
-781.154914213 270.6 632.0 2446681
-624.923931371 180.4 632.0 2446684
-624.923931371 -180.4 632.0 2796193
-781.154914213 -270.6 632.0 2796196
-781.154914213 -451.0 632.0 2796201
-624.923931371 -541.2 632.0 2796204
-546.808439949 -496.1 632.0 2796205
-156.230982843 -721.6 632.0 2970960
-156.230982843 -811.8 632.0 2970961
-3.59534624295e-12 -902.0 632.0 2970964
156.230982843 -811.8 632.0 2970969
156.230982843 -631.4 632.0 2970972
442.654451388 -496.1 632.0 3495236
598.88543423 -586.3 632.0 3495241
677.000925652 -541.2 632.0 3495242
755.116417073 -496.1 632.0 3495251
833.231908494 -451.0 632.0 3495252
833.231908494 -270.6 632.0 3495257
677.000925652 -180.4 632.0 3495260
677.000925652 180.4 632.0 3844769
833.231908494 270.6 632.0 3844772
833.231908494 451.0 632.0 3844777
755.116417073 496.1 632.0 3844778
677.000925652 541.2 632.0 3844787
598.88543423 586.3 632.0 3844788
442.654451388 496.1 632.0 3844793
208.307977124 631.4 632.0 4543812
208.307977124 811.8 632.0 4543817
130.192485702 856.9 632.0 4543818
52.0769942809 902.0 632.0 4543827
-26.0384971404 947.1 632.0 4543828
-182.269479983 856.9 632.0 4543833
-182.269479983 676.5 632.0 4543836
-494.731445668 496.1 632.0 4893345
-650.962428511 586.3 632.0 4893348
-807.193411354 496.1 632.0 4893353
-807.193411354 405.9 632.0 4893354
-807.193411354 315.7 632.0 4893363
-807.193411354 225.5 632.0 4893364
-650.962428511 135.3 632.0 4893369
-650.962428511 -135.3 632.0 5592388
-807.193411354 -225.5 632.0 5592393
-807.193411354 -315.7 632.0 5592394
-807.193411354 -405.9 632.0 5592403
-807.193411354 -496.1 632.0 5592404
-650.962428511 -586.3 632.0 5592409
-494.731445668 -496.1 632.0 5592412
-182.269479983 -676.5 632.0 5941921
-182.269479983 -856.9 632.0 5941924
-26.0384971404 -947.1 632.0 5941929
52.0769942809 -902.0 632.0 5941930
130.192485702 -856.9 632.0 5941939
208.307977124 -811.8 632.0 5941940
208.307977124 -631.4 632.0 5941945
468.692948528 -541.2 632.0 6990474
546.808439949 -586.3 632.0 6990483
624.923931371 -631.4 632.0 6990484
703.039422792 -586.3 632.0 6990485
781.154914213 -541.2 632.0 6990504
859.270405635 -496.1 632.0 6990505
859.270405635 -405.9 632.0 6990506
859.270405635 -315.7 632.0 6990515
859.270405635 -225.5 632.0 6990516
703.039422792 -135.3 632.0 6990521
703.039422792 135.3 632.0 7689540
859.270405635 225.5 632.0 7689545
859.270405635 315.7 632.0 7689546
859.270405635 405.9 632.0 7689555
859.270405635 496.1 632.0 7689556
781.154914213 541.2 632.0 7689557
703.039422792 586.3 632.0 7689576
624.923931371 631.4 632.0 7689577
546.808439949 586.3 632.0 7689578
468.692948528 541.2 632.0 7689587
234.346474264 586.3 632.0 9087625
234.346474264 676.5 632.0 9087626
234.346474264 766.7 632.0 9087635
234.346474264 856.9 632.0 9087636
156.230982843 902.0 632.0 9087637
78.1154914213 947.1 632.0 9087656
3.51363382833e-12 992.2 632.0 9087657
-78.1154914213 947.1 632.0 9087658
-156.230982843 902.0 632.0 9087667
-234.346474264 856.9 632.0 9087668
-234.346474264 676.5 632.0 9087673
-468.692948528 541.2 632.0 9786692
-624.923931371 631.4 632.0 9786697
-703.039422792 586.3 632.0 9786698
-781.154914213 541.2 632.0 9786707
-859.270405635 496.1 632.0 9786708
-859.270405635 405.9 632.0 9786709
-859.270405635 315.7 632.0 9786728
-859.270405635 225.5 632.0 9786729
-781.154914213 180.4 632.0 9786730
-703.039422792 135.3 632.0 9786739
-624.923931371 -90.2 632.0 11184777
-703.039422792 -135.3 632.0 11184778
-781.154914213 -180.4 632.0 11184787
-859.270405635 -225.5 632.0 11184788
-859.270405635 -315.7 632.0 11184789
-859.270405635 -405.9 632.0 11184808
-859.270405635 -496.1 632.0 11184809
-781.154914213 -541.2 632.0 11184810
-703.039422792 -586.3 632.0 11184819
-624.923931371 -631.4 632.0 11184820
-468.692948528 -541.2 632.0 11184825
-234.346474264 -676.5 632.0 11883844
-234.346474264 -856.9 632.0 11883849
-156.230982843 -902.0 632.0 11883850
-78.1154914213 -947.1 632.0 11883859
-4.27036184192e-12 -992.2 632.0 11883860
78.1154914213 -947.1 632.0 11883861
156.230982843 -902.0 632.0 11883880
234.346474264 -856.9 632.0 11883881
234.346474264 -766.7 632.0 11883882
234.346474264 -676.5 632.0 11883891
234.346474264 -586.3 632.0 11883892
520.769942809 -631.4 632.0 13980968
598.88543423 -676.5 632.0 13980969
911.347399916 -496.1 632.0 13981012
911.347399916 -405.9 632.0 13981013
911.347399916 -315.7 632.0 13981032
911.347399916 -225.5 632.0 13981033
833.231908494 -180.4 632.0 13981034
755.116417073 -135.3 632.0 13981043
677.000925652 90.2 632.0 15379081
755.116417073 135.3 632.0 15379082
833.231908494 180.4 632.0 15379091
911.347399916 225.5 632.0 15379092
911.347399916 315.7 632.0 15379093
911.347399916 405.9 632.0 15379112
911.347399916 496.1 632.0 15379113
598.88543423 676.5 632.0 15379156
520.769942809 631.4 632.0 15379157
-26.0384971404 1037.3 632.0 18175316
-104.153988562 992.2 632.0 18175317
-182.269479983 947.1 632.0 18175336
-260.384971404 902.0 632.0 18175337
-260.384971404 811.8 632.0 18175338
-260.384971404 721.6 632.0 18175347
-416.615954247 541.2 632.0 19573385
-494.731445668 586.3 632.0 19573386
-572.84693709 631.4 632.0 19573395
-650.962428511 676.5 632.0 19573396
-729.077919932 631.4 632.0 19573397
-807.193411354 586.3 632.0 19573416
-885.308902775 541.2 632.0 19573417
-885.308902775 180.4 632.0 19573460
-807.193411354 135.3 632.0 19573461
-885.308902775 -541.2 632.0 22369620
-807.193411354 -586.3 632.0 22369621
-729.077919932 -631.4 632.0 22369640
-650.962428511 -676.5 632.0 22369641
-572.84693709 -631.4 632.0 22369642
-494.731445668 -586.3 632.0 22369651
-260.384971404 -631.4 632.0 23767689
-260.384971404 -721.6 632.0 23767690
-260.384971404 -811.8 632.0 23767699
-260.384971404 -902.0 632.0 23767700
-182.269479983 -947.1 632.0 23767701
-104.153988562 -992.2 632.0 23767720
-26.0384971404 -1037.3 632.0 23767721
624.923931371 -721.6 632.0 27961940
937.385897056 -541.2 632.0 27962025
937.385897056 -180.4 632.0 27962068
859.270405635 -135.3 632.0 27962069
937.385897056 541.2 632.0 30758228
624.923931371 721.6 632.0 30758313
3.99680288865e-12 1082.4 632.0 36350633
-312.461965685 902.0 632.0 36350676
-312.461965685 811.8 632.0 36350677
-937.385897056 541.2 632.0 39146836
-937.385897056 180.4 632.0 39146921
-937.385897056 -541.2 632.0 44739241
-624.923931371 -721.6 632.0 44739284
-546.808439949 -676.5 632.0 44739285
-4.94537744089e-12 -1082.4 632.0 47535444
598.88543423 -766.7 632.0 55923881
677.000925652 -721.6 632.0 55923882
911.347399916 -586.3 632.0 55924051
989.462891337 -541.2 632.0 55924052
989.462891337 -180.4 632.0 55924137
989.462891337 541.2 632.0 61516457
911.347399916 586.3 632.0 61516458
677.000925652 721.6 632.0 61516627
598.88543423 766.7 632.0 61516628
52.0769942809 1082.4 632.0 72701267
-26.0384971404 1127.5 632.0 72701268
-338.500462826 947.1 632.0 72701353
-963.424394196 586.3 632.0 78293673
-963.424394196 496.1 632.0 78293674
-963.424394196 225.5 632.0 78293843
-963.424394196 135.3 632.0 78293844
-963.424394196 -496.1 632.0 89478483
-963.424394196 -586.3 632.0 89478484
-650.962428511 -766.7 632.0 89478569
-26.0384971405 -1127.5 632.0 95070889
52.0769942809 -1082.4 632.0 95070890
624.923931371 -811.8 632.0 111847764
703.039422792 -766.7 632.0 111847765
703.039422792 -676.5 632.0 111847766
859.270405635 -586.3 632.0 111848103
937.385897056 -631.4 632.0 111848104
1015.50138848 -586.3 632.0 111848105
1015.50138848 -496.1 632.0 111848106
1015.50138848 -225.5 632.0 111848275
1015.50138848 -135.3 632.0 111848276
1015.50138848 496.1 632.0 123032915
1015.50138848 586.3 632.0 123032916
937.385897056 631.4 632.0 123032917
859.270405635 586.3 632.0 123032918
703.039422792 676.5 632.0 123033255
703.039422792 766.7 632.0 123033256
624.923931371 811.8 632.0 123033257
78.1154914213 1037.3 632.0 145402535
78.1154914213 1127.5 632.0 145402536
4.47997194897e-12 1172.6 632.0 145402537
-78.1154914213 1127.5 632.0 145402538
-312.461965685 992.2 632.0 145402707
-390.577457107 947.1 632.0 145402708
-937.385897056 631.4 632.0 156587347
-1015.50138848 586.3 632.0 156587348
-1015.50138848 496.1 632.0 156587349
-937.385897056 451.0 632.0 156587350
-937.385897056 270.6 632.0 156587687
-1015.50138848 225.5 632.0 156587688
-1015.50138848 135.3 632.0 156587689
-937.385897056 -451.0 632.0 178956967
-1015.50138848 -496.1 632.0 178956968
-1015.50138848 -586.3 632.0 178956969
-937.385897056 -631.4 632.0 178956970
-703.039422792 -766.7 632.0 178957139
-624.923931371 -811.8 632.0 178957140
-78.1154914213 -1127.5 632.0 190141779
-5.76960701437e-12 -1172.6 632.0 190141780
78.1154914213 -1127.5 632.0 190141781
78.1154914213 -1037.3 632.0 190141782
598.88543423 -856.9 632.0 223695529
755.116417073 -766.7 632.0 223695532
755.116417073 -676.5 632.0 223695533
911.347399916 -676.5 632.0 223696209
1067.57838276 -586.3 632.0 223696212
1067.57838276 -496.1 632.0 223696213
989.462891337 -451.0 632.0 223696214
989.462891337 -270.6 632.0 223696551
1067.57838276 -225.5 632.0 223696552
1067.57838276 -135.3 632.0 223696553
989.462891337 451.0 632.0 246065831
1067.57838276 496.1 632.0 246065832
1067.57838276 586.3 632.0 246065833
911.347399916 676.5 632.0 246065836
833.231908494 631.4 632.0 246065837
755.116417073 766.7 632.0 246066513
598.88543423 856.9 632.0 246066516
130.192485702 1037.3 632.0 290805072
130.192485702 1127.5 632.0 290805073
-26.0384971404 1217.7 632.0 290805076
-104.153988562 1172.6 632.0 290805077
-104.153988562 1082.4 632.0 290805078
-260.384971404 992.2 632.0 290805415
-338.500462826 1037.3 632.0 290805416
-416.615954247 992.2 632.0 290805417
-885.308902775 631.4 632.0 313174695
-963.424394196 676.5 632.0 313174696
-1041.53988562 631.4 632.0 313174697
-1041.53988562 451.0 632.0 313174700
-963.424394196 405.9 632.0 313174701
-1041.53988562 270.6 632.0 313175377
-1041.53988562 90.2 632.0 313175380
-963.424394196 -405.9 632.0 357913936
-1041.53988562 -451.0 632.0 357913937
-1041.53988562 -631.4 632.0 357913940
-963.424394196 -676.5 632.0 357913941
-885.308902775 -631.4 632.0 357913942
-729.077919932 -721.6 632.0 357914279
-729.077919932 -811.8 632.0 357914280
-650.962428511 -856.9 632.0 357914281
-104.153988562 -1082.4 632.0 380283559
-104.153988562 -1172.6 632.0 380283560
-26.0384971405 -1217.7 632.0 380283561
130.192485702 -1127.5 632.0 380283564
130.192485702 -1037.3 632.0 380283565
781.154914213 -811.8 632.0 447391065
781.154914213 -631.4 632.0 447391068
859.270405635 -676.5 632.0 447392419
937.385897056 -721.6 632.0 447392420
1093.6168799 -631.4 632.0 447392425
1093.6168799 -451.0 632.0 447392428
1015.50138848 -405.9 632.0 447392429
1093.6168799 -270.6 632.0 447393105
1093.6168799 -90.2 632.0 447393108
1015.50138848 405.9 632.0 492131664
1093.6168799 451.0 632.0 492131665
1093.6168799 631.4 632.0 492131668
937.385897056 721.6 632.0 492131673
781.154914213 631.4 632.0 492131676
781.154914213 721.6 632.0 492133027
781.154914213 811.8 632.0 492133028
156.230982843 1172.6 632.0 581610148
4.96314100928e-12 1262.8 632.0 581610153
-156.230982843 1172.6 632.0 581610156
-156.230982843 1082.4 632.0 581610157
-312.461965685 1082.4 632.0 581610833
-468.692948528 992.2 632.0 581610836
-859.270405635 676.5 632.0 626349392
-937.385897056 721.6 632.0 626349393
-1093.6168799 631.4 632.0 626349396
-1093.6168799 451.0 632.0 626349401
-937.385897056 360.8 632.0 626349404
-1015.50138848 315.7 632.0 626350755
-1093.6168799 270.6 632.0 626350756
-1093.6168799 -451.0 632.0 715827876
-1093.6168799 -631.4 632.0 715827881
-937.385897056 -721.6 632.0 715827884
-859.270405635 -676.5 632.0 715827885
-781.154914213 -811.8 632.0 715828561
-624.923931371 -902.0 632.0 715828564
-156.230982843 -1082.4 632.0 760567120
-156.230982843 -1172.6 632.0 760567121
-6.636469152e-12 -1262.8 632.0 760567124
156.230982843 -1172.6 632.0 760567129
755.116417073 -856.9 632.0 894782131
833.231908494 -811.8 632.0 894782132
989.462891337 -721.6 632.0 894784842
1067.57838276 -676.5 632.0 894784851
1145.69387418 -631.4 632.0 894784852
1145.69387418 -451.0 632.0 894784857
989.462891337 -360.8 632.0 894784860
1067.57838276 -315.7 632.0 894786211
1145.69387418 -270.6 632.0 894786212
1145.69387418 451.0 632.0 984263332
1145.69387418 631.4 632.0 984263337
1067.57838276 676.5 632.0 984263338
989.462891337 721.6 632.0 984263347
911.347399916 766.7 632.0 984263348
755.116417073 856.9 632.0 984266058
208.307977124 1172.6 632.0 1163220297
130.192485702 1217.7 632.0 1163220298
52.0769942809 1262.8 632.0 1163220307
-26.0384971404 1307.9 632.0 1163220308
-182.269479983 1217.7 632.0 1163220313
-182.269479983 1037.3 632.0 1163220316
-260.384971404 1082.4 632.0 1163221667
-338.500462826 1127.5 632.0 1163221668
-963.424394196 766.7 632.0 1252698788
-1119.65537704 676.5 632.0 1252698793
-1119.65537704 586.3 632.0 1252698794
-1119.65537704 496.1 632.0 1252698803
-1119.65537704 405.9 632.0 1252698804
-1119.65537704 225.5 632.0 1252701514
-1119.65537704 -405.9 632.0 1431655753
-1119.65537704 -496.1 632.0 1431655754
-1119.65537704 -586.3 632.0 1431655763
-1119.65537704 -676.5 632.0 1431655764
-963.424394196 -766.7 632.0 1431655769
-807.193411354 -676.5 632.0 1431655772
-807.193411354 -766.7 632.0 1431657123
-807.193411354 -856.9 632.0 1431657124
-182.269479983 -1217.7 632.0 1521134244
-26.0384971405 -1307.9 632.0 1521134249
52.0769942809 -1262.8 632.0 1521134250
130.192485702 -1217.7 632.0 1521134259
208.307977124 -1172.6 632.0 1521134260
703.039422792 -856.9 632.0 1789564263
859.270405635 -856.9 632.0 1789564265
1015.50138848 -766.7 632.0 1789569685
1093.6168799 -721.6 632.0 1789569704
1171.73237132 -676.5 632.0 1789569705
1171.73237132 -586.3 632.0 1789569706
1171.73237132 -496.1 632.0 1789569715
1171.73237132 -405.9 632.0 1789569716
1171.73237132 -225.5 632.0 1789572426
1171.73237132 405.9 632.0 1968526665
1171.73237132 496.1 632.0 1968526666
1171.73237132 586.3 632.0 1968526675
1171.73237132 676.5 632.0 1968526676
1093.6168799 721.6 632.0 1968526677
1015.50138848 766.7 632.0 1968526696
937.385897056 811.8 632.0 1968526697
703.039422792 856.9 632.0 1968532118
234.346474264 1217.7 632.0 2326440596
156.230982843 1262.8 632.0 2326440597
78.1154914213 1307.9 632.0 2326440616
5.4463100696e-12 1353.0 632.0 2326440617
-78.1154914213 1307.9 632.0 2326440618
-156.230982843 1262.8 632.0 2326440627
-234.346474264 1217.7 632.0 2326440628
-390.577457107 1127.5 632.0 2326443338
-937.385897056 811.8 632.0 2505397577
-1015.50138848 766.7 632.0 2505397578
-1093.6168799 721.6 632.0 2505397587
-1171.73237132 676.5 632.0 2505397588
-1171.73237132 586.3 632.0 2505397589
-1171.73237132 496.1 632.0 2505397608
-1171.73237132 405.9 632.0 2505397609
-1093.6168799 180.4 632.0 2505403030
-1171.73237132 -405.9 632.0 2863311508
-1171.73237132 -496.1 632.0 2863311509
-1171.73237132 -586.3 632.0 2863311528
-1171.73237132 -676.5 632.0 2863311529
-1093.6168799 -721.6 632.0 2863311530
-1015.50138848 -766.7 632.0 2863311539
-937.385897056 -811.8 632.0 2863311540
-781.154914213 -902.0 632.0 2863314250
-234.346474264 -1217.7 632.0 3042268489
-156.230982843 -1262.8 632.0 3042268490
-78.1154914213 -1307.9 632.0 3042268499
-7.51043671698e-12 -1353.0 632.0 3042268500
78.1154914213 -1307.9 632.0 3042268501
156.230982843 -1262.8 632.0 3042268520
234.346474264 -1217.7 632.0 3042268521
677.000925652 -902.0 632.0 3579128528
1223.8093656 -676.5 632.0 3579139412
1223.8093656 -586.3 632.0 3579139413
1223.8093656 -496.1 632.0 3579139432
1223.8093656 -405.9 632.0 3579139433
1145.69387418 -180.4 632.0 3579144854
1223.8093656 405.9 632.0 3937053332
1223.8093656 496.1 632.0 3937053333
1223.8093656 586.3 632.0 3937053352
1223.8093656 676.5 632.0 3937053353
911.347399916 856.9 632.0 3937053396
677.000925652 902.0 632.0 3937064237
-26.0384971404 1398.1 632.0 4652881236
-104.153988562 1353.0 632.0 4652881237
-182.269479983 1307.9 632.0 4652881256
-260.384971404 1262.8 632.0 4652881257
-416.615954247 1082.4 632.0 4652886678
-963.424394196 856.9 632.0 5010795156
-1041.53988562 811.8 632.0 5010795157
-1119.65537704 766.7 632.0 5010795176
-1197.77086846 721.6 632.0 5010795177
-1197.77086846 360.8 632.0 5010795220
-1119.65537704 135.3 632.0 5010806061
-1197.77086846 -721.6 632.0 5726623060
-1119.65537704 -766.7 632.0 5726623061
-1041.53988562 -811.8 632.0 5726623080
-963.424394196 -856.9 632.0 5726623081
-729.077919932 -902.0 632.0 5726628502
-260.384971404 -1262.8 632.0 6084536980
-182.269479983 -1307.9 632.0 6084536981
-104.153988562 -1353.0 632.0 6084537000
-26.0384971405 -1398.1 632.0 6084537001
1249.84786274 -721.6 632.0 7158278825
1249.84786274 -360.8 632.0 7158278868
1171.73237132 -135.3 632.0 7158289709
1249.84786274 721.6 632.0 7874106708
5.92947912992e-12 1443.2 632.0 9305762473
-312.461965685 1262.8 632.0 9305762516
-468.692948528 1082.4 632.0 9305773357
-1249.84786274 721.6 632.0 10021590356
-1249.84786274 -721.6 632.0 11453246121
-937.385897056 -902.0 632.0 11453246164
-703.039422792 -947.1 632.0 11453257005
-8.38440428197e-12 -1443.2 632.0 12169074004
1223.8093656 -766.7 632.0 14316557651
1301.92485702 -721.6 632.0 14316557652
1301.92485702 721.6 632.0 15748213417
1223.8093656 766.7 632.0 15748213418
52.0769942809 1443.2 632.0 18611524947
-26.0384971404 1488.3 632.0 18611524948
-1275.88635988 766.7 632.0 20043180713
-1275.88635988 676.5 632.0 20043180714
-1275.88635988 -676.5 632.0 22906492243
-1275.88635988 -766.7 632.0 22906492244
-26.0384971405 -1488.3 632.0 24338148009
52.0769942809 -1443.2 632.0 24338148010
1171.73237132 -766.7 632.0 28633115303
1249.84786274 -811.8 632.0 28633115304
1327.96335416 -766.7 632.0 28633115305
1327.96335416 -676.5 632.0 28633115306
1327.96335416 676.5 632.0 31496426835
1327.96335416 766.7 632.0 31496426836
1249.84786274 811.8 632.0 31496426837
1171.73237132 766.7 632.0 31496426838
78.1154914213 1398.1 632.0 37223049895
78.1154914213 1488.3 632.0 37223049896
6.41264819023e-12 1533.4 632.0 37223049897
-78.1154914213 1488.3 632.0 37223049898
-1249.84786274 811.8 632.0 40086361427
-1327.96335416 766.7 632.0 40086361428
-1327.96335416 676.5 632.0 40086361429
-1249.84786274 631.4 632.0 40086361430
-1249.84786274 -631.4 632.0 45812984487
-1327.96335416 -676.5 632.0 45812984488
-1327.96335416 -766.7 632.0 45812984489
-1249.84786274 -811.8 632.0 45812984490
-78.1154914213 -1488.3 632.0 48676296019
-9.25837184695e-12 -1533.4 632.0 48676296020
78.1154914213 -1488.3 632.0 48676296021
78.1154914213 -1398.1 632.0 48676296022
1145.69387418 -811.8 632.0 57266230608
1223.8093656 -856.9 632.0 57266230609
1380.04034844 -766.7 632.0 57266230612
1380.04034844 -676.5 632.0 57266230613
1301.92485702 -631.4 632.0 57266230614
1301.92485702 631.4 632.0 62992853671
1380.04034844 676.5 632.0 62992853672
1380.04034844 766.7 632.0 62992853673
1223.8093656 856.9 632.0 62992853676
1145.69387418 811.8 632.0 62992853677
130.192485702 1398.1 632.0 74446099792
130.192485702 1488.3 632.0 74446099793
-26.0384971404 1578.5 632.0 74446099796
-104.153988562 1533.4 632.0 74446099797
-104.153988562 1443.2 632.0 74446099798
-1197.77086846 811.8 632.0 80172722855
-1275.88635988 856.9 632.0 80172722856
-1354.0018513 811.8 632.0 80172722857
-1354.0018513 631.4 632.0 80172722860
-1275.88635988 586.3 632.0 80172722861
-1275.88635988 -586.3 632.0 91625968976
-1354.0018513 -631.4 632.0 91625968977
-1354.0018513 -811.8 632.0 91625968980
-1275.88635988 -856.9 632.0 91625968981
-1197.77086846 -811.8 632.0 91625968982
-104.153988562 -1443.2 632.0 97352592039
-104.153988562 -1533.4 632.0 97352592040
-26.0384971405 -1578.5 632.0 97352592041
130.192485702 -1488.3 632.0 97352592044
130.192485702 -1398.1 632.0 97352592045
1093.6168799 -811.8 632.0 114532461217
1249.84786274 -902.0 632.0 114532461220
1406.07884558 -811.8 632.0 114532461225
1406.07884558 -631.4 632.0 114532461228
1327.96335416 -586.3 632.0 114532461229
1327.96335416 586.3 632.0 125985707344
1406.07884558 631.4 632.0 125985707345
1406.07884558 811.8 632.0 125985707348
1249.84786274 902.0 632.0 125985707353
1093.6168799 811.8 632.0 125985707356
156.230982843 1353.0 632.0 148892199585
156.230982843 1533.4 632.0 148892199588
6.89581725055e-12 1623.6 632.0 148892199593
-156.230982843 1533.4 632.0 148892199596
-156.230982843 1443.2 632.0 148892199597
-1171.73237132 856.9 632.0 160345445712
-1249.84786274 902.0 632.0 160345445713
-1406.07884558 811.8 632.0 160345445716
-1406.07884558 631.4 632.0 160345445721
-1249.84786274 541.2 632.0 160345445724
-1249.84786274 -541.2 632.0 183251937953
-1406.07884558 -631.4 632.0 183251937956
-1406.07884558 -811.8 632.0 183251937961
-1249.84786274 -902.0 632.0 183251937964
-1171.73237132 -856.9 632.0 183251937965
-156.230982843 -1443.2 632.0 194705184080
-156.230982843 -1533.4 632.0 194705184081
-1.01323394119e-11 -1623.6 632.0 194705184084
156.230982843 -1533.4 632.0 194705184089
156.230982843 -1353.0 632.0 194705184092
1067.57838276 -856.9 632.0 229064922436
1301.92485702 -902.0 632.0 229064922442
1380.04034844 -856.9 632.0 229064922451
1458.15583986 -811.8 632.0 229064922452
1458.15583986 -631.4 632.0 229064922457
1301.92485702 -541.2 632.0 229064922460
1301.92485702 541.2 632.0 251971414689
1458.15583986 631.4 632.0 251971414692
1458.15583986 811.8 632.0 251971414697
1380.04034844 856.9 632.0 251971414698
1301.92485702 902.0 632.0 251971414707
1067.57838276 856.9 632.0 251971414713
208.307977124 1353.0 632.0 297784399172
130.192485702 1578.5 632.0 297784399178
52.0769942809 1623.6 632.0 297784399187
-26.0384971404 1668.7 632.0 297784399188
-182.269479983 1578.5 632.0 297784399193
-182.269479983 1398.1 632.0 297784399196
-1119.65537704 856.9 632.0 320690891425
-1275.88635988 947.1 632.0 320690891428
-1432.11734272 856.9 632.0 320690891433
-1432.11734272 766.7 632.0 320690891434
-1432.11734272 676.5 632.0 320690891443
-1275.88635988 496.1 632.0 320690891449
-1275.88635988 -496.1 632.0 366503875908
-1432.11734272 -676.5 632.0 366503875914
-1432.11734272 -766.7 632.0 366503875923
-1432.11734272 -856.9 632.0 366503875924
-1275.88635988 -947.1 632.0 366503875929
-1119.65537704 -856.9 632.0 366503875932
-182.269479983 -1398.1 632.0 389410368161
-182.269479983 -1578.5 632.0 389410368164
-26.0384971405 -1668.7 632.0 389410368169
52.0769942809 -1623.6 632.0 389410368170
130.192485702 -1578.5 632.0 389410368179
208.307977124 -1353.0 632.0 389410368185
1015.50138848 -856.9 632.0 458129844873
1093.6168799 -902.0 632.0 458129844874
1327.96335416 -947.1 632.0 458129844885
1406.07884558 -902.0 632.0 458129844904
1484.19433701 -856.9 632.0 458129844905
1484.19433701 -766.7 632.0 458129844906
1484.19433701 -676.5 632.0 458129844915
1327.96335416 -496.1 632.0 458129844921
1327.96335416 496.1 632.0 503942829380
1484.19433701 676.5 632.0 503942829386
1484.19433701 766.7 632.0 503942829395
1484.19433701 856.9 632.0 503942829396
1406.07884558 902.0 632.0 503942829397
1327.96335416 947.1 632.0 503942829416
1093.6168799 902.0 632.0 503942829427
78.1154914213 1668.7 632.0 595568798376
7.37898631087e-12 1713.8 632.0 595568798377
-78.1154914213 1668.7 632.0 595568798378
-156.230982843 1623.6 632.0 595568798387
-234.346474264 1398.1 632.0 595568798393
-1093.6168799 902.0 632.0 641381782852
-1327.96335416 947.1 632.0 641381782858
-1406.07884558 902.0 632.0 641381782867
-1484.19433701 856.9 632.0 641381782868
-1484.19433701 766.7 632.0 641381782869
-1484.19433701 676.5 632.0 641381782888
-1327.96335416 496.1 632.0 641381782899
-1484.19433701 -766.7 632.0 733007751848
-1484.19433701 -856.9 632.0 733007751849
-1406.07884558 -902.0 632.0 733007751850
-1327.96335416 -947.1 632.0 733007751859
-1093.6168799 -902.0 632.0 733007751865
-234.346474264 -1398.1 632.0 778820736324
-156.230982843 -1623.6 632.0 778820736330
-78.1154914213 -1668.7 632.0 778820736339
-1.10063069769e-11 -1713.8 632.0 778820736340
78.1154914213 -1668.7 632.0 778820736341
989.462891337 -902.0 632.0 916259689748
1145.69387418 -902.0 632.0 916259689750
1536.27133129 -856.9 632.0 916259689812
1536.27133129 -766.7 632.0 916259689813
1536.27133129 -676.5 632.0 916259689832
1380.04034844 -496.1 632.0 916259689843
1536.27133129 766.7 632.0 1007885658792
1536.27133129 856.9 632.0 1007885658793
1145.69387418 902.0 632.0 1007885658855
-26.0384971404 1758.9 632.0 1191137596756
-104.153988562 1713.8 632.0 1191137596757
-182.269479983 1668.7 632.0 1191137596776
-260.384971404 1443.2 632.0 1191137596787
-1432.11734272 947.1 632.0 1282763565736
-1510.23283415 902.0 632.0 1282763565737
-1354.0018513 541.2 632.0 1282763565799
-1510.23283415 -902.0 632.0 1466015503700
-1432.11734272 -947.1 632.0 1466015503701
-1354.0018513 -992.2 632.0 1466015503720
-1119.65537704 -947.1 632.0 1466015503731
-104.153988562 -1713.8 632.0 1557641472680
-26.0384971405 -1758.9 632.0 1557641472681
1171.73237132 -947.1 632.0 1832519379501
1562.30982843 -902.0 632.0 1832519379625
1406.07884558 -541.2 632.0 1832519379687
1562.30982843 902.0 632.0 2015771317588
1171.73237132 947.1 632.0 2015771317712
7.86215537119e-12 1804.0 632.0 2382275193513
-234.346474264 1488.3 632.0 2382275193575
-1562.30982843 902.0 632.0 2565527131476
-1406.07884558 541.2 632.0 2565527131600
-1562.30982843 -902.0 632.0 2932031007401
-1171.73237132 -947.1 632.0 2932031007463
-1.18802745419e-11 -1804.0 632.0 3115282945364
1536.27133129 -947.1 632.0 3665038759251
1614.38682271 -902.0 632.0 3665038759252
1458.15583986 -541.2 632.0 3665038759376
1614.38682271 902.0 632.0 4031542635177
1536.27133129 947.1 632.0 4031542635178
-26.0384971404 1849.1 632.0 4764550387028
-260.384971404 1533.4 632.0 4764550387152
-1588.34832557 947.1 632.0 5131054262953
-1588.34832557 856.9 632.0 5131054262954
-1588.34832557 -947.1 632.0 5864062014804
-1197.77086846 -992.2 632.0 5864062014928
-26.0384971405 -1849.1 632.0 6230565890729
1484.19433701 -947.1 632.0 7330077518503
1640.42531985 -947.1 632.0 7330077518505
1640.42531985 -856.9 632.0 7330077518506
1640.42531985 947.1 632.0 8063085270356
1484.19433701 947.1 632.0 8063085270358
-78.1154914213 1849.1 632.0 9529100774058
-1640.42531985 947.1 632.0 10262108525908
-1562.30982843 811.8 632.0 10262108525910
-1562.30982843 -992.2 632.0 11728124029610
1692.50231413 -947.1 632.0 14660155037012
1614.38682271 -811.8 632.0 14660155037014
-104.153988562 1804.0 632.0 19058201548118
-1666.46381699 992.2 632.0 20524217051817
-1510.23283415 -992.2 632.0 23456248059222
