203.650660505 510.484666824 -383.186395131 297614527308
169.897340262 540.633228123 -357.42216834 37223049877
-543.918019965 -78.8756879171 -383.186395131 366334004044
-553.150779816 -123.181201359 -357.42216834 45812984469
512.562405538 78.8756879171 -424.215047217 503772957516
523.765463555 123.181201359 -399.244449954 62992853653
-324.589552246 404.454220262 -424.215047217 641211910988
-368.560781423 392.003596384 -399.244449954 80172722837
-187.972853292 -483.329908179 -424.215047217 778650864460
-155.204682131 -515.184797743 -399.244449954 97352592021
